"STATION","DATE","LATITUDE","LONGITUDE","ELEVATION","NAME","CDSD","CDSD_ATTRIBUTES","CLDD","CLDD_ATTRIBUTES","DP01","DP01_ATTRIBUTES","DP10","DP10_ATTRIBUTES","DP1X","DP1X_ATTRIBUTES","DSND","DSND_ATTRIBUTES","DT00","DT00_ATTRIBUTES","DT32","DT32_ATTRIBUTES","DX32","DX32_ATTRIBUTES","DX70","DX70_ATTRIBUTES","DX90","DX90_ATTRIBUTES","EMNT","EMNT_ATTRIBUTES","EMSD","EMSD_ATTRIBUTES","EMXP","EMXP_ATTRIBUTES","EMXT","EMXT_ATTRIBUTES","FZF0","FZF0_ATTRIBUTES","FZF1","FZF1_ATTRIBUTES","FZF2","FZF2_ATTRIBUTES","FZF3","FZF3_ATTRIBUTES","FZF4","FZF4_ATTRIBUTES","FZF5","FZF5_ATTRIBUTES","FZF6","FZF6_ATTRIBUTES","FZF7","FZF7_ATTRIBUTES","FZF8","FZF8_ATTRIBUTES","FZF9","FZF9_ATTRIBUTES","HDSD","HDSD_ATTRIBUTES","HTDD","HTDD_ATTRIBUTES","PRCP","PRCP_ATTRIBUTES","TAVG","TAVG_ATTRIBUTES","TMAX","TMAX_ATTRIBUTES","TMIN","TMIN_ATTRIBUTES"
"GM000010393","1907","52.2094","14.1203","98.0","LINDENBERG, GM","     38.0","","      38.0","E","       152","E","        65","E","         3","E","","","         3","E","       122","E","        36","E","        60","E","         0","E","  -20.2","E,0123, ","","","  51.2"," ,E,0711, ","   30.8","E,0512, ","-2.5","E,1103","-2.5","E,1103","-5.9","E,1107","-7.1","E,1119","-9.4","E,1227","-1.7","E,0428","-3.0","E,0420","-7.6","E,0313","-7.6","E,0313","-15.3","E,0215","    3882.9","9","    3882.9","E","    597.6"," ,E","      7.83","E","     11.95","E","      3.71","E"
"GM000010393","1908","52.2094","14.1203","98.0","LINDENBERG, GM","    112.0","","     112.0","E","       126","E","        49","E","         1","E","","","         0","E","       120","E","        29","E","        76","E","         2","E","  -17.5","E,1229,+","","","  33.7"," ,E,0823, ","   33.5","E,0712, ","-2.6","E,1019","-2.6","E,1019","-7.0","E,1020","-7.0","E,1020","-9.5","E,1108","-0.1","E,0422","-3.3","E,0328","-4.6","E,0317","-8.0","E,0205","-10.5","E,0115","    3716.3","3","    3716.3","E","    399.0"," ,E","      7.97","E","     12.12","E","      3.81","E"
"GM000010393","1909","52.2094","14.1203","98.0","LINDENBERG, GM","","","","","       135","E","        59","E","         0","E","","","","","","","        40","E","        66","E","         0","E","","","","","  19.8"," ,E,0918, ","   31.0","E,0602, ","","","","","","","","","","","","","","","","","","","","","","","","","    451.8"," ,E","","","     11.92","E","",""
"GM000010393","1910","52.2094","14.1203","98.0","LINDENBERG, GM","     79.5","","      79.5","E","       141","E","        76","E","         2","E","","","         0","E","       101","E","        12","E","        72","E","         0","E","   -6.6","E,0130, ","","","  75.5"," ,E,0801, ","   32.0","E,0605, ","-0.4","E,1027","-2.5","E,1111","-4.5","E,1124","","","","","-0.5","E,0424","-3.5","E,0411","-6.6","E,0130","","","","","    3395.4","4","    3395.4","E","    652.6"," ,E","      8.88","E","     12.96","E","      4.81","E"
"GM000010393","1911","52.2094","14.1203","98.0","LINDENBERG, GM","    173.8","","     173.8","E","       124","E","        44","E","         0","E","","","         0","E","       101","E","        21","E","        96","E","         4","E","  -12.4","E,0214, ","","","  19.5"," ,E,0625, ","   34.9","E,0723, ","-1.1","E,1016","-2.6","E,1017","","","","","","","-0.3","E,0521","-2.8","E,0414","-5.5","E,0406","-7.5","E,0405","-12.4","E,0214","    3658.8","8","    3658.8","E","    344.2"," ,E","      9.25","E","     13.55","E","      4.95","E"
"GM000010393","1912","52.2094","14.1203","98.0","LINDENBERG, GM","     72.3","","      72.3","E","       160","E","        72","E","         1","E","","","         2","E","       105","E","        23","E","        54","E","         0","E","  -20.5","E,0204, ","","","  39.8"," ,E,0807, ","   31.8","E,0728, ","-2.5","E,1004","-2.5","E,1004","-6.0","E,1107","","","","","-0.6","E,0505","-2.3","E,0501","-11.5","E,0206","-11.5","E,0206","-11.5","E,0206","    3602.4","4","    3602.4","E","    513.2"," ,E","      7.89","E","     11.87","E","      3.90","E"
"GM000010393","1913","52.2094","14.1203","98.0","LINDENBERG, GM","     62.8","","      62.8","E","       131","E","        56","E","         1","E","","","         0","E","        87","E","        16","E","        59","E","         0","E","  -14.0","E,0130, ","","","  28.3"," ,E,0817, ","   30.9","E,0602, ","-1.1","E,1014","-2.4","E,1125","","","","","","","-3.1","E,0416","-3.1","E,0416","-6.0","E,0414","-7.0","E,0302","-9.8","E,0220","    3703.6","6","    3703.6","E","    477.8"," ,E","      9.09","E","     13.24","E","      4.93","E"
"GM000010393","1914","52.2094","14.1203","98.0","LINDENBERG, GM","    145.3","","     145.3","E","       135","E","        68","E","         2","E","","","         0","E","        79","E","        24","E","        85","E","         0","E","  -13.8","E,0114, ","","","  31.7"," ,E,0729, ","   32.0","E,0722, ","-0.5","E,1115","-2.2","E,1118","-5.7","E,1121","-8.5","E,1228","","","0.0","E,0330","-3.2","E,0212","-5.9","E,0207","-9.1","E,0125","-9.1","E,0125","    3426.6","6","    3426.6","E","    560.6"," ,E","      9.22","E","     13.14","E","      5.30","E"
"GM000010393","1915","52.2094","14.1203","98.0","LINDENBERG, GM","     98.5","","      98.5","E","       140","E","        70","E","         2","E","","","         0","E","       102","E","        26","E","        80","E","         2","E","  -14.7","E,1222, ","","","  52.5"," ,E,0905, ","   34.1","E,0610, ","-1.0","E,1026","-3.0","E,1027","-10.1","E,1029","-10.1","E,1029","-10.1","E,1029","-0.9","E,0404","-2.5","E,0401","-5.5","E,0330","-9.5","E,0311","-9.5","E,0311","    3534.9","9","    3534.9","E","    668.7"," ,E","      8.32","E","     12.17","E","      4.46","E"
"GM000010393","1916","52.2094","14.1203","98.0","LINDENBERG, GM","     31.7","","      31.7","E","       155","E","        72","E","         0","E","","","         0","E","        76","E","        10","E","        56","E","         0","E","  -10.3","E,0221, ","","","  22.4"," ,E,0629, ","   29.3","E,0505, ","-1.5","E,1004","-4.3","E,1021","-4.4","E,1117","","","","","-0.2","E,0416","-2.2","E,0326","-4.8","E,0224","-9.4","E,0222","-9.4","E,0222","    3620.9","9","    3620.9","E","    610.6"," ,E","      8.96","E","     12.77","E","      5.15","E"
"GM000010393","1917","52.2094","14.1203","98.0","LINDENBERG, GM","    149.5","","     149.5","E","       125","E","        56","E","         2","E","","","         2","E","       122","E","        55","E","       102","E","         4","E","  -21.1","E,0205, ","","","  40.0"," ,E,0810, ","   33.8","E,0620, ","-0.8","E,1030","-2.5","E,1126","-7.9","E,1205","-7.9","E,1205","-11.5","E,1223","-0.6","E,0429","-2.7","E,0329","-6.5","E,0325","-10.2","E,0311","-10.2","E,0311","    3899.9","9","    3899.9","E","    467.5"," ,E","      7.97","E","     12.10","E","      3.84","E"
"GM000010393","1918","52.2094","14.1203","98.0","LINDENBERG, GM","     51.4","","      51.4","E","       147","E","        70","E","         0","E","","","         0","E","        89","E","        16","E","        66","E","         0","E","  -10.7","E,0110, ","","","  19.6"," ,E,0115, ","   31.2","E,0823,+","-0.3","E,1003","-2.6","E,1115","-5.2","E,1122","","","","","-2.0","E,0331","-2.5","E,0329","-5.5","E,0327","-9.3","E,0219","-9.3","E,0219","    3432.3","3","    3432.3","E","    516.9"," ,E","      9.13","E","     13.25","E","      5.00","E"
"GM000010393","1919","52.2094","14.1203","98.0","LINDENBERG, GM","     79.5","","      79.5","E","       152","E","        59","E","         1","E","","","         0","E","       127","E","        45","E","        68","E","         2","E","  -17.6","E,1229, ","","","  48.8"," ,E,0627, ","   32.5","E,0913,+","-1.0","E,1011","-3.0","E,1101","-5.6","E,1109","-6.9","E,1110","-10.5","E,1117","-0.2","E,0502","-3.8","E,0422","-5.4","E,0326","-7.8","E,0320","-16.9","E,0208","    3691.9","9","    3691.9","E","    504.1"," ,E","      7.51","E","     11.46","E","      3.56","E"
"GM000010393","1920","52.2094","14.1203","98.0","LINDENBERG, GM","     90.8","","      90.8","E","       134","E","        64","E","         3","E","","","         0","E","       100","E","        28","E","        80","E","         1","E","  -11.3","E,1220, ","","","  28.1"," ,E,0801, ","   32.3","E,0718, ","0.0","E,1018","-2.2","E,1028","-5.7","E,1029","-7.6","E,1030","-9.8","E,1213","-0.2","E,0325","-3.8","E,0311","-6.0","E,0208","","","","","    3559.7","7","    3559.7","E","    585.9"," ,E","      9.00","E","     12.95","E","      5.05","E"
"GM000010393","1921","52.2094","14.1203","98.0","LINDENBERG, GM","    151.8","","     151.8","E","       129","E","        60","E","         1","E","","","         0","E","        83","E","        18","E","        89","E","         9","E","  -13.5","E,1214, ","","","  26.8"," ,E,0528, ","   37.4","E,0729, ","-1.0","E,1107","-2.8","E,1108","-4.6","E,1109","-9.4","E,1128","-9.4","E,1128","0.0","E,0421","-3.3","E,0309","-4.8","E,0308","-8.5","E,0210","","","    3528.6","6","    3528.6","E","    521.6"," ,E","      9.42","E","     13.92","E","      4.91","E"
"GM000010393","1922","52.2094","14.1203","98.0","LINDENBERG, GM","     69.2","","      69.2","E","       166","E","        71","E","         2","E","","","         0","E","       119","E","        42","E","        63","E","         4","E","  -17.4","E,0127, ","","","  44.5"," ,E,0718, ","   37.0","E,0706, ","-0.9","E,1017","-2.3","E,1023","-5.3","E,1127","-7.6","E,1210","","","-0.6","E,0424","-2.5","E,0410","-4.4","E,0217","-9.4","E,0214","-9.4","E,0214","    3909.6","6","    3909.6","E","    631.4"," ,E","      7.16","E","     10.89","E","      3.43","E"
"GM000010393","1923","52.2094","14.1203","98.0","LINDENBERG, GM","     98.1","","      98.1","E","       161","E","        68","E","         0","E","","","         0","E","       103","E","        34","E","        51","E","         4","E","  -15.2","E,1227, ","","","  13.5"," ,E,0414, ","   36.3","E,0713, ","-1.2","E,1111","-2.6","E,1112","-6.0","E,1220","-7.0","E,1221","-11.3","E,1222","-0.9","E,0429","-2.9","E,0408","-5.8","E,0222","-8.3","E,0221","-10.3","E,0220","    4003.3","3","    4003.3","E","    503.6"," ,E","      8.09","E","     11.89","E","      4.29","E"
"GM000010393","1924","52.2094","14.1203","98.0","LINDENBERG, GM","     82.5","","      82.5","E","       142","E","        61","E","         0","E","","","         0","E","       133","E","        43","E","        81","E","         2","E","  -13.8","E,0116, ","","","  17.8"," ,E,0202, ","   33.0","E,0722, ","-0.4","E,1024","-2.2","E,1112","-4.7","E,1113","-7.1","E,1212","","","-1.0","E,0424","-2.2","E,0412","-5.4","E,0321","-7.9","E,0319","-9.7","E,0224","    4003.9","9","    4003.9","E","    465.5"," ,E","      7.90","E","     12.05","E","      3.75","E"
"GM000010393","1925","52.2094","14.1203","98.0","LINDENBERG, GM","     98.6","","      98.6","E","       170","E","        78","E","         2","E","","","         0","E","        85","E","        25","E","        72","E","         1","E","  -12.2","E,1205, ","","","  42.5"," ,E,0802, ","   33.6","E,0810, ","-0.3","E,1016","-4.7","E,1117","-4.7","E,1117","-7.1","E,1130","-11.5","E,1204","-0.3","E,0405","-6.5","E,0318","-6.5","E,0318","-8.7","E,0317","","","    3333.4","4","    3333.4","E","    612.8"," ,E","      9.04","E","     12.95","E","      5.13","E"
"GM000010393","1926","52.2094","14.1203","98.0","LINDENBERG, GM","","","","","       164","E","        81","E","         2","E","","","","","","","","","","","","","","","","","  49.1"," ,E,1125, ","","","","","","","","","","","","","","","","","","","","","","","","","","","    720.9"," ,E","","","","","",""
"GM000010393","1927","52.2094","14.1203","98.0","LINDENBERG, GM","","","","","       153","E","        70","E","         3","E","","","","","","","","","","","","","","","","","  53.1"," ,E,0824,+","","","","","","","","","","","","","","","","","","","","","","","    3480.2","2","    3480.2","E","    606.9"," ,E","","","","","",""
"GM000010393","1928","52.2094","14.1203","98.0","LINDENBERG, GM","     91.7","","      91.7","E","       129","E","        49","E","         0","E","","","         0","E","       101","E","        31","E","        69","E","         4","E","  -12.5","E,1221, ","","","  21.3"," ,E,0610, ","   35.0","E,0716, ","-0.3","E,1013","-3.2","E,1110","-4.9","E,1210","-8.3","E,1218","-11.4","E,1219","-1.8","E,0511","-2.8","E,0419","-7.4","E,0321","-7.4","E,0321","","","","","","","    398.2"," ,E","      8.33","E","     12.58","E","      4.07","E"
"GM000010393","1929","52.2094","14.1203","98.0","LINDENBERG, GM","    120.0","","     120.0","E","       111","E","        44","E","         0","E","","","        11","E","       120","E","        67","E","        91","E","         4","E","  -28.0","E,0211, ","","","  22.1"," ,E,1019, ","   34.0","E,0721, ","-0.6","E,1103","-3.0","E,1218","-6.6","E,1220","-6.9","E,1223","","","-0.6","E,0429","-3.5","E,0423","-5.4","E,0422","-10.2","E,0405","-10.2","E,0405","    4351.7","7","    4351.7","E","    366.0"," ,E","      7.22","E","     11.55","E","      2.89","E"
"GM000010393","1930","52.2094","14.1203","98.0","LINDENBERG, GM","     88.4","","      88.4","E","       127","E","        74","E","         2","E","","","         0","E","       107","E","        16","E","        56","E","         2","E","   -7.0","E,1225, ","","","  56.1"," ,E,0724, ","   33.3","E,0705, ","0.0","E,1106","-2.2","E,1203","-4.7","E,1205","-7.0","E,1225","","","-0.1","E,0404","-3.8","E,0314","-4.8","E,0225","","","","","    3282.2","2","    3282.2","E","    627.8"," ,E","      8.92","E","     12.56","E","      5.27","E"
"GM000010393","1931","52.2094","14.1203","98.0","LINDENBERG, GM","     98.2","","      98.2","E","       168","E","        63","E","         0","E","","","         0","E","       125","E","        46","E","        54","E","         0","E","  -10.3","E,0307, ","","","  21.1"," ,E,0822, ","   31.0","E,0805,+","-0.7","E,1022","-4.6","E,1101","-4.6","E,1101","-7.3","E,1130","","","-1.3","E,0416","-2.3","E,0408","-7.0","E,0401","-7.0","E,0401","-9.7","E,0311","    3852.7","7","    3852.7","E","    540.1"," ,E","      7.56","E","     11.08","E","      4.04","E"
"GM000010393","1932","52.2094","14.1203","98.0","LINDENBERG, GM","    160.5","","     160.5","E","       138","E","        57","E","         2","E","","","         0","E","       113","E","        26","E","        86","E","         5","E","  -15.2","E,0211, ","","","  32.7"," ,E,0525, ","   34.6","E,0821, ","-1.2","E,1102","-2.5","E,1115","-4.5","E,1209","-7.0","E,1222","","","-0.9","E,0330","-4.0","E,0327","-5.2","E,0325","-9.4","E,0312","-9.4","E,0312","    3932.8","8","    3932.8","E","    567.5"," ,E","      8.79","E","     12.67","E","      4.91","E"
"GM000010393","1933","52.2094","14.1203","98.0","LINDENBERG, GM","     96.7","","      96.7","E","       130","E","        51","E","         1","E","","","         6","E","       118","E","        45","E","        95","E","         4","E","  -20.0","E,1215, ","","","  46.0"," ,E,0801, ","   35.5","E,0728, ","-0.5","E,1014","-3.6","E,1106","-5.1","E,1202","-11.5","E,1203","-11.5","E,1203","-1.0","E,0423","-4.5","E,0419","-4.5","E,0419","-8.0","E,0302","-9.5","E,0224","    3561.2","2","    3561.2","E","    465.4"," ,E","      8.03","E","     12.64","E","      3.43","E"
"GM000010393","1934","52.2094","14.1203","98.0","LINDENBERG, GM","    166.9","","     166.9","E","       130","E","        56","E","         1","E","","","         0","E","        74","E","         8","E","       117","E","         2","E","  -12.0","E,0203, ","","","  27.2"," ,E,0901, ","   33.0","E,0719, ","-0.6","E,1018","-2.4","E,1104","-5.5","E,1224","","","","","-2.5","E,0406","-2.5","E,0406","-4.6","E,0214","-12.0","E,0203","-12.0","E,0203","    3430.4","4","    3430.4","E","    513.7"," ,E","     10.44","E","     15.05","E","      5.84","E"
"GM000010393","1935","52.2094","14.1203","98.0","LINDENBERG, GM","    136.4","","     136.4","E","       156","E","        72","E","         1","E","","","         0","E","       106","E","        27","E","        95","E","         5","E","  -16.2","E,0109, ","","","  25.5"," ,E,0814, ","   35.0","E,0627, ","-0.1","E,1104","-3.0","E,1208","-5.5","E,1209","-10.2","E,1224","-10.2","E,1224","-1.2","E,0514","-3.0","E,0502","-6.1","E,0330","-8.6","E,0311","-10.0","E,0310","    3380.9","9","    3380.9","E","    554.1"," ,E","      8.96","E","     13.44","E","      4.47","E"
"GM000010393","1936","52.2094","14.1203","98.0","LINDENBERG, GM","    102.1","","     102.1","E","       162","E","        62","E","         0","E","","","         0","E","       110","E","        12","E","        88","E","         1","E","  -13.1","E,0211, ","","","  15.5"," ,E,0127, ","   33.9","E,0718, ","0.0","E,1003","-2.5","E,1120","-6.0","E,1229","","","","","-0.3","E,0425","-2.6","E,0405","-7.0","E,0223","-7.0","E,0223","-10.0","E,0222","    3402.5","5","    3402.5","E","    499.2"," ,E","      8.88","E","     13.00","E","      4.77","E"
"GM000010393","1937","52.2094","14.1203","98.0","LINDENBERG, GM","    168.5","","     168.5","E","       153","E","        68","E","         0","E","","","         0","E","       113","E","        35","E","       109","E","         2","E","  -15.1","E,0201, ","","","  19.8"," ,E,0712, ","   35.6","E,0611, ","-1.5","E,1111","-2.2","E,1117","-4.7","E,1119","-7.8","E,1222","-10.5","E,1223","-1.1","E,0331","-3.4","E,0330","-4.4","E,0311","-9.0","E,0226","-9.0","E,0226","    3619.4","4","    3619.4","E","    513.0"," ,E","      9.14","E","     13.35","E","      4.93","E"
"GM000010393","1938","52.2094","14.1203","98.0","LINDENBERG, GM","    146.9","","     146.9","E","       153","E","        76","E","         1","E","","","         1","E","        81","E","        22","E","        86","E","         2","E","  -19.7","E,1220, ","","","  37.0"," ,E,0721, ","   32.4","E,0708, ","-0.9","E,1023","-4.5","E,1215","-4.5","E,1215","-10.5","E,1216","-10.5","E,1216","-1.2","E,0509","-4.1","E,0419","-4.7","E,0226","-8.0","E,0107","-9.6","E,0106","    3432.4","4","    3432.4","E","    575.5"," ,E","      9.41","E","     13.66","E","      5.17","E"
"GM000010393","1939","52.2094","14.1203","98.0","LINDENBERG, GM","    118.3","","     118.3","E","       176","E","        84","E","         1","E","","","         0","E","       103","E","        24","E","        86","E","         1","E","  -15.8","E,1230, ","","","  34.2"," ,E,0716, ","   32.6","E,0608, ","0.0","E,0928","-2.3","E,1008","-4.5","E,1123","-7.0","E,1124","-11.0","E,1218","-2.5","E,0402","-2.5","E,0402","-5.9","E,0322","-7.5","E,0317","-9.0","E,0108","    3344.1","1","    3344.1","E","    743.3"," ,E","      8.77","E","     12.69","E","      4.86","E"
"GM000010393","1940","52.2094","14.1203","98.0","LINDENBERG, GM","     69.0","","      69.0","E","       149","E","        71","E","         0","E","","","        18","E","       122","E","        68","E","        72","E","         0","E","  -23.6","E,0112, ","","","  24.4"," ,E,0703, ","   30.4","E,0711, ","-0.6","E,1022","-5.9","E,1029","-5.9","E,1029","-9.5","E,1215","-9.5","E,1215","-3.5","E,0414","-3.5","E,0414","-4.4","E,0413","-7.9","E,0309","-10.4","E,0308","    4247.4","4","    4247.4","E","    577.8"," ,E","      6.52","E","     10.80","E","      2.24","E"
"GM000010393","1941","52.2094","14.1203","98.0","LINDENBERG, GM","    107.8","","     107.8","E","       168","E","        80","E","         1","E","","","         5","E","       127","E","        45","E","        58","E","         0","E","  -21.8","E,0129, ","","","  35.0"," ,E,0730, ","   31.7","E,0709, ","-1.2","E,1027","-2.4","E,1030","-4.9","E,1113","-8.2","E,1114","-10.7","E,1229","-1.9","E,0509","-2.6","E,0411","-7.6","E,0318","-7.6","E,0318","-14.2","E,0207","    4201.9","9","    4201.9","E","    696.1"," ,E","      7.19","E","     10.85","E","      3.53","E"
"GM000010393","1942","52.2094","14.1203","98.0","LINDENBERG, GM","    111.0","","     111.0","E","       140","E","        58","E","         0","E","","","         6","E","       125","E","        57","E","        71","E","         1","E","  -22.0","E,0126, ","","","  17.6"," ,E,0722, ","   32.3","E,0830, ","-1.0","E,1111","-2.3","E,1112","-5.1","E,1130","-7.6","E,1228","","","-0.8","E,0428","-2.5","E,0404","-5.3","E,0329","-7.7","E,0321","-10.8","E,0314","    4293.2","2","    4293.2","E","    465.7"," ,E","      7.50","E","     11.53","E","      3.46","E"
"GM000010393","1943","52.2094","14.1203","98.0","LINDENBERG, GM","    144.4","","     144.4","E","       115","E","        49","E","         0","E","","","         1","E","        96","E","        28","E","        76","E","         6","E","  -18.2","E,0112, ","","","  21.8"," ,E,0830, ","   37.4","E,0821, ","-0.4","E,1014","-4.0","E,1105","-8.3","E,1207","-8.3","E,1207","","","-1.0","E,0409","-2.6","E,0308","-7.7","E,0126","-7.7","E,0126","-11.9","E,0113","    3295.0","0","    3295.0","E","    396.0"," ,E","      9.34","E","     13.55","E","      5.12","E"
"GM000010393","1944","52.2094","14.1203","98.0","LINDENBERG, GM","    163.3","","     163.3","E","       168","E","        79","E","         1","E","","","         0","E","        96","E","        23","E","        88","E","         3","E","  -11.9","E,1225, ","","","  29.4"," ,E,0731, ","   34.1","E,0821, ","-0.2","E,1114","-3.5","E,1128","-5.9","E,1215","-7.7","E,1221","-10.8","E,1222","-1.9","E,0408","-2.7","E,0403","-4.7","E,0328","-8.2","E,0224","-8.9","E,0220","    3615.2","2","    3615.2","E","    647.2"," ,E","      8.92","E","     12.73","E","      5.11","E"
"GM000010393","1945","52.2094","14.1203","98.0","LINDENBERG, GM","    117.1","","     117.1","E","       163","E","        82","E","         0","E","","","         0","E","        75","E","        28","E","        74","E","         0","E","  -17.0","E,1210, ","","","  22.6"," ,E,0530, ","   32.0","E,0716, ","-0.7","E,1008","-2.2","E,1126","-11.8","E,1207","-11.8","E,1207","-11.8","E,1207","-1.1","E,0415","-3.4","E,0309","-6.1","E,0308","-8.1","E,0131","-12.6","E,0129","    3433.2","2","    3433.2","E","    632.7"," ,E","      9.29","E","     13.20","E","      5.38","E"
"GM000010393","1946","52.2094","14.1203","98.0","LINDENBERG, GM","    111.7","","     111.7","E","       136","E","        62","E","         1","E","","","         0","E","       106","E","        32","E","        88","E","         4","E","  -14.5","E,1220,+","","","  44.0"," ,E,0613, ","   35.3","E,0727, ","-1.1","E,1023","-3.3","E,1024","-5.1","E,1026","-11.8","E,1214","-11.8","E,1214","-2.0","E,0411","-4.8","E,0318","-4.8","E,0318","-8.2","E,0223","-9.1","E,0126","    3357.8","8","    3357.8","E","    528.6"," ,E","      8.78","E","     12.74","E","      4.83","E"
"GM000010393","1947","52.2094","14.1203","98.0","LINDENBERG, GM","    238.1","","     238.1","E","","","","","","","","","         6","E","       110","E","        62","E","       108","E","         9","E","  -20.8","E,0106, ","","","","","   34.2","E,0630,+","-0.5","E,1019","-3.3","E,1025","-5.0","E,1119","-9.3","E,1218","-9.3","E,1218","-1.1","E,0411","-4.8","E,0316","-4.8","E,0316","-12.9","E,0313","-12.9","E,0313","    4112.2","2","    4112.2","E","","","      8.34","E","     12.60","E","      4.09","E"
"GM000010393","1948","52.2094","14.1203","98.0","LINDENBERG, GM","    118.5","","     118.5","E","       117","E","        56","E","         2","E","","","         0","E","        87","E","        17","E","        89","E","         0","E","  -15.6","E,0221, ","","","  64.1"," ,E,0813, ","   31.8","E,0802, ","0.0","E,1107","-4.1","E,1109","-4.4","E,1113","-6.7","E,1221","","","-0.3","E,0426","-6.6","E,0305","-6.6","E,0305","-8.5","E,0227","-11.6","E,0224","    3216.7","7","    3216.7","E","    561.9"," ,E","      9.66","E","     13.83","E","      5.49","E"
"GM000010393","1949","52.2094","14.1203","98.0","LINDENBERG, GM","    116.4","","     116.4","E","       144","E","        70","E","         1","E","","","         0","E","        88","E","        10","E","        89","E","         1","E","  -12.9","E,0307, ","","","  27.9"," ,E,0522, ","   34.0","E,0808, ","-4.7","E,1029","-4.7","E,1029","-4.7","E,1029","","","","","-0.3","E,0409","-3.3","E,0321","-4.9","E,0320","-6.9","E,0310","-10.2","E,0308","    3453.3","3","    3453.3","E","    523.2"," ,E","      9.68","E","     14.04","E","      5.32","E"
"GM000010393","1950","52.2094","14.1203","98.0","LINDENBERG, GM","    122.7","","     122.7","E","","","","","","","","","         0","E","        95","E","        32","E","        85","E","         2","E","  -15.9","E,1230, ","","","","","   32.5","E,0522, ","-0.4","E,1022","-2.4","E,1026","-5.3","E,1217","-7.5","E,1218","-9.1","E,1228","-0.6","E,0430","-3.3","E,0314","-5.9","E,0304","-11.9","E,0303","-11.9","E,0303","    3247.0","0","    3247.0","E","","","      8.97","E","     12.99","E","      4.96","E"
"GM000010393","1951","52.2094","14.1203","98.0","LINDENBERG, GM","    129.9","","     129.9","E","       136","E","        56","E","         1","E","       12","","         0","E","        83","E","        19","E","        88","E","         1","E","  -13.1","E,0101, ","    80"," ,E,0302,+","  26.8"," ,E,0625, ","   32.5","E,0830, ","-0.7","E,1007","-2.4","E,1212","-5.6","E,1215","","","","","-2.2","E,0422","-2.2","E,0422","-5.0","E,0311","-9.7","E,0305","-9.7","E,0305","    3627.3","3","    3627.3","E","    481.3"," ,E","      9.45","E","     13.59","E","      5.30","E"
"GM000010393","1952","52.2094","14.1203","98.0","LINDENBERG, GM","    122.2","","     122.2","E","       160","E","        74","E","         1","E","       59","","         0","E","       125","E","        30","E","        76","E","         3","E","   -9.1","E,0213, ","   180"," ,E,0211, ","  38.1"," ,E,0912, ","   33.9","E,0702, ","-0.2","E,1012","-2.8","E,1113","-6.2","E,1117","-6.9","E,1129","-9.0","E,1201","-1.5","E,0520","-3.0","E,0403","-4.5","E,0329","-7.8","E,0308","-9.1","E,0213","    3357.2","2","    3357.2","E","    581.2"," ,E","      8.22","E","     12.00","E","      4.44","E"
"GM000010393","1953","52.2094","14.1203","98.0","LINDENBERG, GM","    159.4","","     159.4","E","       136","E","        63","E","         0","E","       41","","         1","E","        96","E","        25","E","        97","E","         0","E","  -17.9","E,0209, ","   220"," ,E,0212, ","  18.9"," ,E,0731, ","   32.0","E,0521, ","-0.5","E,1111","-2.5","E,1117","-4.6","E,1125","-6.7","E,1126","","","-1.5","E,0510","-2.6","E,0328","-4.8","E,0315","-7.5","E,0216","-17.9","E,0209","    3654.4","4","    3654.4","E","    477.7"," ,E","      9.86","E","     14.20","E","      5.53","E"
"GM000010393","1954","52.2094","14.1203","98.0","LINDENBERG, GM","     81.9","","      81.9","E","       158","E","        64","E","         4","E","       18","","         5","E","       107","E","        43","E","        71","E","         2","E","  -21.0","E,0201, ","   120"," ,E,0112, ","  58.7"," ,E,0701, ","   34.0","E,0621, ","0.0","E,1027","-4.1","E,1117","-4.4","E,1121","-7.5","E,1123","","","-1.6","E,0427","-3.0","E,0411","-5.6","E,0225","-12.8","E,0224","-12.8","E,0224","    3720.0","0","    3720.0","E","    659.4"," ,E","      7.94","E","     11.95","E","      3.92","E"
"GM000010393","1955","52.2094","14.1203","98.0","LINDENBERG, GM","    106.6","","     106.6","E","       166","E","        76","E","         2","E","       53","","         2","E","       118","E","        33","E","        76","E","         0","E","  -18.0","E,0222, ","   160"," ,E,0221, ","  28.6"," ,E,0915, ","   29.5","E,0718, ","-0.1","E,1019","-5.0","E,1101","-5.0","E,1101","-6.9","E,1213","","","-0.4","E,0522","-2.4","E,0420","-6.5","E,0321","-8.8","E,0320","-11.4","E,0319","    3902.5","5","    3902.5","E","    673.4"," ,E","      8.04","E","     12.01","E","      4.07","E"
"GM000010393","1956","52.2094","14.1203","98.0","LINDENBERG, GM","     48.3","","      48.3","E","       161","E","        76","E","         0","E","       40","","        10","E","       109","E","        48","E","        70","E","         0","E","  -25.6","E,0209, ","   310"," ,E,0222, ","  22.2"," ,E,0624, ","   30.1","E,0531, ","-5.0","E,1031","-5.0","E,1031","-5.0","E,1031","-8.0","E,1101","-11.8","E,1228","-1.1","E,0423","-4.3","E,0408","-4.8","E,0312","-7.0","E,0309","-10.2","E,0227","    3909.6","6","    3909.6","E","    586.7"," ,E","      7.29","E","     11.12","E","      3.45","E"
"GM000010393","1957","52.2094","14.1203","98.0","LINDENBERG, GM","    124.1","","     124.1","E","       139","E","        61","E","         1","E","       10","","         0","E","        85","E","        13","E","        65","E","         4","E","  -16.1","E,1217, ","    90"," ,E,0103,+","  33.4"," ,E,0722, ","   34.2","E,0707, ","-1.6","E,1114","-3.3","E,1121","-7.2","E,1130","-7.2","E,1130","-9.0","E,1215","-0.4","E,0507","-3.6","E,0414","-4.6","E,0302","-7.5","E,0123","-10.0","E,0116","    3454.0","0","    3454.0","E","    535.0"," ,E","      9.21","E","     13.19","E","      5.23","E"
"GM000010393","1958","52.2094","14.1203","98.0","LINDENBERG, GM","     70.0","","      70.0","E","       155","E","        76","E","         1","E","       18","","         0","E","        98","E","        13","E","        78","E","         1","E","  -14.3","E,0104, ","   120"," ,E,0102, ","  33.5"," ,E,0704, ","   32.5","E,0716, ","-0.1","E,1103","-3.5","E,1128","-5.6","E,1202","-8.4","E,1203","","","-1.0","E,0418","-2.6","E,0403","-4.8","E,0402","-8.9","E,0322","-8.9","E,0322","    3749.1","1","    3749.1","E","    572.0"," ,E","      8.71","E","     12.41","E","      5.00","E"
"GM000010393","1959","52.2094","14.1203","98.0","LINDENBERG, GM","    164.3","","     164.3","E","       104","E","        42","E","         2","E","       47","","         0","E","        80","E","        22","E","       106","E","         4","E","  -13.2","E,0117, ","   200"," ,E,0201, ","  40.1"," ,E,0721, ","   38.5","E,0711, ","-0.7","E,1005","-3.5","E,1124","-8.0","E,1206","-8.0","E,1206","-9.5","E,1207","-2.1","E,0421","-3.1","E,0313","-7.2","E,0215","-7.2","E,0215","-9.3","E,0214","    3202.7","7","    3202.7","E","    455.2"," ,E","      9.73","E","     14.25","E","      5.20","E"
"GM000010393","1960","52.2094","14.1203","98.0","LINDENBERG, GM","     79.9","","      79.9","E","       143","E","        61","E","         0","E","       16","","         0","E","        86","E","        25","E","        78","E","         1","E","  -17.2","E,0115, ","   150"," ,E,0118,+","  23.3"," ,E,0715, ","   33.3","E,0827, ","-0.2","E,1108","-3.8","E,1212","-5.1","E,1213","","","","","-0.5","E,0502","-3.6","E,0405","-5.7","E,0309","-7.2","E,0308","-9.8","E,0209","    3525.9","9","    3525.9","E","    526.9"," ,E","      8.91","E","     12.77","E","      5.04","E"
"GM000010393","1961","52.2094","14.1203","98.0","LINDENBERG, GM","     98.5","","      98.5","E","       148","E","        71","E","         2","E","       26","","         2","E","        66","E","        23","E","        77","E","         2","E","  -18.6","E,1227, ","    80"," ,E,1223,+","  40.4"," ,E,0529, ","   33.1","E,0702, ","-1.8","E,1105","-3.2","E,1120","-4.4","E,1122","-8.3","E,1214","-9.6","E,1215","-0.6","E,0401","-3.0","E,0322","-5.1","E,0320","-10.8","E,0128","-10.8","E,0128","    3267.8","8","    3267.8","E","    633.6"," ,E","      9.44","E","     13.48","E","      5.39","E"
"GM000010393","1962","52.2094","14.1203","98.0","LINDENBERG, GM","     64.7","","      64.7","E","       152","E","        56","E","         0","E","       16","","         0","E","        99","E","        35","E","        68","E","         0","E","  -16.3","E,1222, ","   100"," ,E,0316, ","  15.7"," ,E,0528, ","   31.8","E,0726, ","-1.4","E,1024","-3.8","E,1117","-4.8","E,1121","-6.8","E,1202","-12.1","E,1221","-0.6","E,0501","-2.8","E,0326","-4.4","E,0323","-7.4","E,0314","-9.6","E,0202","    3653.0","0","    3653.0","E","    434.2"," ,E","      7.89","E","     11.79","E","      4.00","E"
"GM000010393","1963","52.2094","14.1203","98.0","LINDENBERG, GM","    159.0","","     159.0","E","       122","E","        49","E","         0","E","       80","","         7","E","       114","E","        67","E","        92","E","         8","E","  -22.7","E,0131, ","   260"," ,E,0222,+","  19.2"," ,E,0628, ","   35.2","E,0803, ","0.0","E,1030","-2.3","E,1202","-5.4","E,1204","-7.4","E,1210","-9.6","E,1213","-1.0","E,0409","-2.6","E,0404","-4.7","E,0324","-7.2","E,0323","-9.7","E,0305","    4162.1","1","    4162.1","E","    365.0"," ,E","      8.02","E","     12.36","E","      3.68","E"
"GM000010393","1964","52.2094","14.1203","98.0","LINDENBERG, GM","    180.7","","     180.7","E","       134","E","        70","E","         1","E","       30","","         0","E","       102","E","        37","E","        97","E","         8","E","  -13.6","E,0119, ","   120"," ,E,1205, ","  30.9"," ,E,0811, ","   34.3","E,0828, ","-0.6","E,1026","-2.3","E,1108","-4.8","E,1224","-6.8","E,1225","-9.0","E,1227","0.0","E,0408","-2.3","E,0407","-5.4","E,0319","-7.5","E,0318","-9.0","E,0316","    3642.8","8","    3642.8","E","    544.7"," ,E","      8.65","E","     12.76","E","      4.55","E"
"GM000010393","1965","52.2094","14.1203","98.0","LINDENBERG, GM","     56.4","","      56.4","E","       155","E","        72","E","         4","E","       46","","         0","E","       106","E","        30","E","        61","E","         1","E","  -17.0","E,0308, ","   430"," ,E,0304, ","  34.8"," ,E,0717, ","   32.5","E,0714, ","-1.4","E,1022","-3.9","E,1113","-5.3","E,1114","-7.8","E,1116","-10.4","E,1118","-0.1","E,0402","-2.8","E,0322","-5.0","E,0314","-7.4","E,0312","-17.0","E,0308","    3690.5","5","    3690.5","E","    666.4"," ,E","      8.10","E","     12.06","E","      4.13","E"
"GM000010393","1966","52.2094","14.1203","98.0","LINDENBERG, GM","    124.2","","     124.2","E","       148","E","        75","E","         4","E","       47","","         0","E","        88","E","        35","E","        84","E","         2","E","  -14.6","E,0118, ","   270"," ,E,0115, ","  35.2"," ,E,0721, ","   33.7","E,0813, ","-2.5","E,1031","-2.5","E,1031","-5.0","E,1101","","","","","-0.5","E,0422","-4.6","E,0320","-4.6","E,0320","-6.8","E,0219","-11.6","E,0218","    3649.0","0","    3649.0","E","    684.1"," ,E","      9.07","E","     12.84","E","      5.30","E"
"GM000010393","1967","52.2094","14.1203","98.0","LINDENBERG, GM","    131.4","","     131.4","E","       154","E","        68","E","         3","E","       17","","         0","E","        76","E","        15","E","        98","E","         1","E","  -16.7","E,0110, ","   130"," ,E,1222, ","  40.9"," ,E,0810, ","   32.7","E,0802, ","-0.1","E,1108","-3.6","E,1121","-4.7","E,1210","-10.3","E,1211","-10.3","E,1211","-0.6","E,0425","-2.6","E,0219","-6.5","E,0215","-9.4","E,0214","-9.4","E,0214","    3341.8","8","    3341.8","E","    683.9"," ,E","      9.90","E","     13.92","E","      5.88","E"
"GM000010393","1968","52.2094","14.1203","98.0","LINDENBERG, GM","    141.4","","     141.4","E","       138","E","        68","E","         0","E","       39","","         0","E","        98","E","        31","E","        91","E","         4","E","  -14.0","E,0113, ","   180"," ,E,0114,+","  24.3"," ,E,1106, ","   33.4","E,0618, ","-0.4","E,1020","-4.4","E,1114","-4.4","E,1114","-8.0","E,1210","-10.2","E,1211","-0.1","E,0414","-5.0","E,0412","-5.0","E,0412","-6.8","E,0312","-10.0","E,0227","    3308.7","7","    3308.7","E","    557.0"," ,E","      9.09","E","     13.09","E","      5.09","E"
"GM000010393","1969","52.2094","14.1203","98.0","LINDENBERG, GM","    171.8","","     171.8","E","       118","E","        66","E","         3","E","       91","","         2","E","       127","E","        58","E","        92","E","         4","E","  -21.5","E,1221, ","   360"," ,E,0216, ","  47.5"," ,E,0829, ","   33.5","E,0803, ","-1.3","E,1106","-2.3","E,1107","-6.7","E,1127","-6.7","E,1127","-8.9","E,1202","-0.6","E,0421","-2.6","E,0325","-4.7","E,0319","-7.7","E,0307","-10.0","E,0304","    3791.2","2","    3791.2","E","    558.1"," ,E","      8.17","E","     12.29","E","      4.06","E"
"GM000010393","1970","52.2094","14.1203","98.0","LINDENBERG, GM","    138.0","","     138.0","E","       153","E","        72","E","         0","E","       90","","         2","E","       114","E","        42","E","        89","E","         1","E","  -19.4","E,0201, ","   450"," ,E,0307,+","  13.3"," ,E,0527, ","   32.4","E,0628, ","-0.9","E,1024","-3.2","E,1107","-6.8","E,1108","-6.8","E,1108","-9.4","E,1231","0.0","E,0501","-2.6","E,0415","-5.8","E,0329","-6.8","E,0315","-9.1","E,0308","    3975.0","0","    3975.0","E","    523.6"," ,E","      8.17","E","     12.22","E","      4.12","E"
"GM000010393","1971","52.2094","14.1203","98.0","LINDENBERG, GM","    192.1","","     192.1","E","       118","E","        55","E","         0","E","       38","","         0","E","        82","E","        23","E","        86","E","         9","E","  -17.4","E,0103, ","   140"," ,E,0301,+","  24.8"," ,E,0629, ","   34.3","E,0820, ","-0.3","E,1006","-2.6","E,1111","-6.0","E,1120","","","","","-0.7","E,0501","-2.8","E,0426","-9.0","E,0312","-9.0","E,0312","-9.0","E,0312","    3481.1","1","    3481.1","E","    411.6"," ,E","      9.42","E","     13.71","E","      5.12","E"
"GM000010393","1972","52.2094","14.1203","98.0","LINDENBERG, GM","    144.9","","     144.9","E","       104","E","        50","E","         1","E","       20","","         0","E","        75","E","        23","E","        68","E","         2","E","  -16.4","E,0116, ","   110"," ,E,0202,+","  47.3"," ,E,0520, ","   33.4","E,0717, ","-2.1","E,1019","-3.0","E,1119","-4.6","E,1217","-7.4","E,1222","-9.1","E,1226","-1.2","E,0426","-3.9","E,0425","-6.5","E,0313","-7.8","E,0312","-8.9","E,0131","    3463.1","1","    3463.1","E","    414.9"," ,E","      8.75","E","     12.52","E","      4.98","E"
"GM000010393","1973","52.2094","14.1203","98.0","LINDENBERG, GM","    136.9","","     136.9","E","       152","E","        66","E","         0","E","       19","","         0","E","        99","E","        16","E","        97","E","         0","E","  -10.0","E,1210, ","   150"," ,E,1201, ","  16.5"," ,E,0707, ","   31.6","E,0627, ","-2.4","E,1013","-2.4","E,1013","-4.8","E,1128","-8.3","E,1201","-9.7","E,1202","-1.1","E,0414","-2.2","E,0314","-6.6","E,0228","-6.9","E,0227","-9.5","E,0103","    3555.6","6","    3555.6","E","    497.1"," ,E","      9.06","E","     13.00","E","      5.12","E"
"GM000010393","1974","52.2094","14.1203","98.0","LINDENBERG, GM","     63.2","","      63.2","E","       164","E","        75","E","         1","E","        9","","         0","E","        51","E","         1","E","        68","E","         3","E","   -6.5","E,1214, ","    80"," ,E,0108, ","  30.6"," ,E,1022, ","   34.2","E,0816, ","-1.6","E,1106","-6.5","E,1214","-6.5","E,1214","","","","","-1.2","E,0426","-2.6","E,0413","-4.6","E,0111","","","","","    3324.9","9","    3324.9","E","    693.2"," ,E","      9.66","E","     13.46","E","      5.86","E"
"GM000010393","1975","52.2094","14.1203","98.0","LINDENBERG, GM","    198.0","","     198.0","E","       114","E","        45","E","         3","E","        1","","         0","E","        73","E","        10","E","       100","E","         2","E","   -9.2","E,1125, ","    30"," ,E,1128, ","  39.6"," ,E,0720, ","   32.5","E,0810, ","0.0","E,1011","-6.8","E,1123","-6.8","E,1123","-6.8","E,1123","-9.2","E,1125","-0.2","E,0414","-2.6","E,0327","-4.5","E,0221","-6.7","E,0217","","","    3278.6","6","    3278.6","E","    439.0"," ,E","      9.87","E","     13.81","E","      5.92","E"
"GM000010393","1976","52.2094","14.1203","98.0","LINDENBERG, GM","    146.4","","     146.4","E","       119","E","        47","E","         0","E","       39","","         0","E","       101","E","        30","E","        90","E","         5","E","  -13.0","E,1231, ","   120"," ,E,0124, ","  20.4"," ,E,0721, ","   35.1","E,0717, ","-0.2","E,1027","-2.6","E,1215","-4.5","E,1217","-7.3","E,1226","-11.7","E,1229","-0.4","E,0430","-2.4","E,0429","-6.1","E,0323","-6.8","E,0321","-9.1","E,0203","    3525.1","1","    3525.1","E","    361.2"," ,E","      8.95","E","     13.04","E","      4.85","E"
"GM000010393","1977","52.2094","14.1203","98.0","LINDENBERG, GM","     74.7","","      74.7","E","       143","E","        68","E","         2","E","       19","","         0","E","        69","E","         9","E","        65","E","         0","E","   -9.0","E,0203, ","    70"," ,E,0411, ","  32.5"," ,E,0810, ","   31.1","E,0610, ","-0.3","E,1126","-3.5","E,1128","-5.1","E,1205","","","","","-1.9","E,0420","-2.9","E,0419","-4.7","E,0401","-9.0","E,0203","-9.0","E,0203","    3372.1","1","    3372.1","E","    592.2"," ,E","      9.27","E","     12.90","E","      5.63","E"
"GM000010393","1978","52.2094","14.1203","98.0","LINDENBERG, GM","     85.3","","      85.3","E","       153","E","        68","E","         1","E","       23","","         1","E","        93","E","        30","E","        62","E","         0","E","  -19.7","E,1231, ","    80"," ,E,0213, ","  27.2"," ,E,1004, ","   31.5","E,0729, ","-0.2","E,1027","-2.7","E,1110","-6.6","E,1204","-9.0","E,1205","-9.0","E,1205","-2.4","E,0512","-2.4","E,0512","-5.3","E,0222","-12.7","E,0221","-12.7","E,0221","    3495.9","9","    3495.9","E","    520.0"," ,E","      8.54","E","     12.31","E","      4.78","E"
"GM000010393","1979","52.2094","14.1203","98.0","LINDENBERG, GM","    115.6","","     115.6","E","       152","E","        70","E","         0","E","       66","","         2","E","        98","E","        35","E","        73","E","         0","E","  -21.5","E,0101, ","   290"," ,E,0215, ","  24.8"," ,E,0922, ","   32.0","E,0602,+","0.0","E,1024","-2.6","E,1026","-5.4","E,1213","","","","","-1.4","E,0418","-3.1","E,0320","-5.3","E,0301","-11.3","E,0227","-11.3","E,0227","    3845.7","7","    3845.7","E","    566.8"," ,E","      8.34","E","     12.13","E","      4.54","E"
"GM000010393","1980","52.2094","14.1203","98.0","LINDENBERG, GM","     58.9","","      58.9","E","       167","E","        74","E","         2","E","       50","","         0","E","       115","E","        37","E","        55","E","         0","E","  -15.1","E,0112, ","   170"," ,E,0108, ","  32.7"," ,E,0721, ","   31.0","E,0803, ","-3.0","E,1101","-3.0","E,1101","-6.8","E,1201","-6.8","E,1201","-8.9","E,1204","-0.7","E,0505","-3.0","E,0323","-5.0","E,0322","-6.8","E,0320","-9.3","E,0129","    3796.3","3","    3796.3","E","    649.9"," ,E","      7.92","E","     11.51","E","      4.33","E"
"GM000010393","1981","52.2094","14.1203","98.0","LINDENBERG, GM","     99.9","","      99.9","E","       184","E","        89","E","         1","E","       51","","         0","E","       102","E","        38","E","        69","E","         0","E","  -15.4","E,1216, ","   180"," ,E,1227,+","  27.0"," ,E,0311, ","   31.4","E,0807, ","-1.4","E,1107","-3.5","E,1110","-7.1","E,1211","-7.1","E,1211","-11.5","E,1214","-0.2","E,0503","-2.4","E,0424","-5.3","E,0301","-7.6","E,0228","-11.0","E,0123","    3516.7","7","    3516.7","E","    688.6"," ,E","      8.61","E","     12.27","E","      4.95","E"
"GM000010393","1982","52.2094","14.1203","98.0","LINDENBERG, GM","    200.2","","     200.2","E","       114","E","        52","E","         0","E","        2","","         1","E","        87","E","        26","E","       103","E","         1","E","  -18.7","E,0110, ","    50"," ,E,0101, ","  16.5"," ,E,0105, ","   33.0","E,0605, ","-2.3","E,1106","-2.3","E,1106","","","","","","","-0.1","E,0428","-2.6","E,0414","-5.7","E,0227","-6.7","E,0220","-10.5","E,0122","    3771.5","5","    3771.5","E","    387.1"," ,E","      9.75","E","     14.12","E","      5.38","E"
"GM000010393","1983","52.2094","14.1203","98.0","LINDENBERG, GM","    214.8","","     214.8","E","       145","E","        63","E","         3","E","       25","","         0","E","        82","E","        18","E","        96","E","         3","E","  -11.0","E,1214, ","   100"," ,E,0211, ","  39.6"," ,E,0524, ","   36.1","E,0801, ","-0.4","E,1025","-3.3","E,1112","-8.3","E,1114","-8.3","E,1114","-9.6","E,1203","0.0","E,0408","-3.7","E,0313","-5.7","E,0225","-7.6","E,0223","-10.9","E,0222","    3040.1","1","    3040.1","E","    646.3"," ,E","      9.96","E","     13.96","E","      5.96","E"
"GM000010393","1984","52.2094","14.1203","98.0","LINDENBERG, GM","     82.7","","      82.7","E","       153","E","        66","E","         2","E","       12","","         0","E","       104","E","        20","E","        56","E","         2","E","  -10.5","E,0217, ","   110"," ,E,1119, ","  27.9"," ,E,0825, ","   35.7","E,0711, ","-1.2","E,1028","-2.7","E,1113","-5.9","E,1215","-7.7","E,1216","","","-1.7","E,0427","-4.3","E,0324","-4.6","E,0322","-7.1","E,0320","-9.6","E,0218","    3512.1","1","    3512.1","E","    560.0"," ,E","      8.58","E","     12.19","E","      4.97","E"
"GM000010393","1985","52.2094","14.1203","98.0","LINDENBERG, GM","     89.2","","      89.2","E","       171","E","        72","E","         0","E","       53","","         5","E","       111","E","        58","E","        77","E","         1","E","  -19.5","E,0107, ","   150"," ,E,0105, ","  18.3"," ,E,0630,+","   32.3","E,0814, ","-0.3","E,1024","-2.7","E,1104","-5.2","E,1119","-8.0","E,1127","-9.9","E,1201","-0.3","E,0428","-2.5","E,0314","-9.2","E,0223","-9.2","E,0223","-9.2","E,0223","    3868.5","5","    3868.5","E","    539.7"," ,E","      8.07","E","     11.88","E","      4.27","E"
"GM000010393","1986","52.2094","14.1203","98.0","LINDENBERG, GM","    133.3","","     133.3","E","       157","E","        72","E","         2","E","       49","","         2","E","        88","E","        43","E","        74","E","         2","E","  -18.7","E,0209, ","   290"," ,E,0221,+","  27.5"," ,E,0819, ","   35.0","E,0804, ","-1.0","E,1103","-3.3","E,1130","-4.7","E,1221","-9.0","E,1224","-9.0","E,1224","-3.6","E,0414","-3.6","E,0414","-5.1","E,0413","-12.6","E,0304","-12.6","E,0304","    3715.1","1","    3715.1","E","    699.7"," ,E","      8.41","E","     12.41","E","      4.41","E"
"GM000010393","1987","52.2094","14.1203","98.0","LINDENBERG, GM","     63.8","","      63.8","E","       176","E","        82","E","         3","E","       60","","         5","E","        96","E","        44","E","        62","E","         0","E","  -22.6","E,0114, ","   200"," ,E,0114,+","  61.1"," ,E,0718, ","   31.5","E,0630, ","-0.9","E,1030","-2.4","E,1201","-4.4","E,1206","-8.0","E,1208","","","-0.4","E,0427","-3.6","E,0317","-6.3","E,0315","-8.6","E,0313","-9.1","E,0312","    3982.6","6","    3982.6","E","    737.2"," ,E","      7.73","E","     11.40","E","      4.05","E"
"GM000010393","1988","52.2094","14.1203","98.0","LINDENBERG, GM","    109.4","","     109.4","E","       169","E","        84","E","         1","E","       27","","         0","E","        82","E","         9","E","        87","E","         0","E","   -9.0","E,1122, ","   150"," ,E,0226, ","  27.2"," ,E,0607, ","   31.0","E,0724, ","-2.8","E,1026","-2.8","E,1026","-5.4","E,1031","-9.0","E,1122","-9.0","E,1122","0.0","E,0427","-3.9","E,0424","-4.9","E,0319","","","","","    3268.6","6","    3268.6","E","    608.9"," ,E","      9.63","E","     13.45","E","      5.82","E"
"GM000010393","1989","52.2094","14.1203","98.0","LINDENBERG, GM","    175.2","","     175.2","E","       124","E","        53","E","         0","E","        5","","         0","E","        69","E","        10","E","        96","E","         4","E","   -7.7","E,1125, ","    60"," ,E,1127, ","  21.6"," ,E,1106, ","   34.9","E,0816, ","-1.0","E,1114","-3.7","E,1118","-5.7","E,1121","-7.7","E,1125","","","-1.4","E,0418","-4.0","E,0403","-4.6","E,0402","","","","","    3096.8","8","    3096.8","E","    427.4"," ,E","     10.46","E","     14.76","E","      6.15","E"
"GM000010393","1990","52.2094","14.1203","98.0","LINDENBERG, GM","    117.4","","     117.4","E","       154","E","        70","E","         4","E","       18","","         0","E","        57","E","        14","E","        77","E","         2","E","   -8.2","E,0107, ","   160"," ,E,1212, ","  38.2"," ,E,0609, ","   33.5","E,0805, ","-1.3","E,1023","-4.9","E,1201","-4.9","E,1201","","","","","-0.7","E,0410","-2.6","E,0409","-7.3","E,0108","-7.3","E,0108","","","    2931.2","2","    2931.2","E","    627.7"," ,E","     10.34","E","     14.35","E","      6.34","E"
"GM000010393","1991","52.2094","14.1203","98.0","LINDENBERG, GM","    138.7","","     138.7","E","       128","E","        46","E","         2","E","       14","","         0","E","        91","E","        23","E","        82","E","         3","E","  -14.9","E,0206, ","   140"," ,E,0216, ","  30.6"," ,E,0617, ","   35.2","E,0712, ","-0.4","E,1021","-2.3","E,1026","-5.0","E,1122","-9.5","E,1209","-9.5","E,1209","-0.3","E,0519","-3.6","E,0422","-9.4","E,0219","-9.4","E,0219","-9.4","E,0219","    3577.9","9","    3577.9","E","    443.2"," ,E","      9.01","E","     13.15","E","      4.86","E"
"GM000010393","1992","52.2094","14.1203","98.0","LINDENBERG, GM","    246.5","","     246.5","E","       157","E","        74","E","         0","E","        4","","         0","E","        76","E","        18","E","       107","E","        10","E","  -11.6","E,1225, ","    40"," ,E,1221,+","  14.5"," ,E,0312, ","   38.5","E,0809, ","-0.7","E,1012","-2.4","E,1013","-6.9","E,1223","-6.9","E,1223","-8.9","E,1224","-1.5","E,0421","-2.7","E,0317","-5.8","E,0218","-7.4","E,0125","-9.4","E,0123","    3182.4","4","    3182.4","E","    522.8"," ,E","      9.99","E","     14.25","E","      5.74","E"
"GM000010393","1993","52.2094","14.1203","98.0","LINDENBERG, GM","     88.9","","      88.9","E","       162","E","        82","E","         0","E","       45","","         0","E","        98","E","        31","E","        78","E","         0","E","  -15.5","E,0104, ","   180"," ,E,1123, ","  23.3"," ,E,0705, ","   31.3","E,0815, ","-2.3","E,1018","-2.3","E,1018","-4.4","E,1119","-8.8","E,1120","-9.2","E,1121","-1.3","E,0412","-3.1","E,0411","-4.7","E,0309","-8.6","E,0305","-9.7","E,0131","    3353.7","7","    3353.7","E","    612.8"," ,E","      8.91","E","     12.75","E","      5.07","E"
"GM000010393","1994","52.2094","14.1203","98.0","LINDENBERG, GM","    237.9","","     237.9","E","       140","E","        68","E","         2","E","        5","","         0","E","        62","E","        13","E","        78","E","        13","E","  -13.1","E,0213, ","    50"," ,E,0317, ","  33.0"," ,E,0412, ","   37.6","E,0801, ","-0.1","E,1006","-2.3","E,1018","","","","","","","-0.7","E,0419","-4.0","E,0226","-8.3","E,0224","-8.3","E,0224","-9.6","E,0218","    3568.4","4","    3568.4","E","    640.9"," ,E","      9.97","E","     13.90","E","      6.05","E"
"GM000010393","1995","52.2094","14.1203","98.0","LINDENBERG, GM","    199.7","","     199.7","E","       151","E","        71","E","         2","E","       43","","         0","E","       106","E","        28","E","        91","E","         3","E","  -14.2","E,1230, ","   110"," ,E,1120, ","  43.0"," ,E,0831, ","   34.2","E,0710, ","-1.0","E,1031","-2.2","E,1105","-6.1","E,1121","-7.5","E,1205","-9.3","E,1221","-0.2","E,0413","-2.4","E,0331","-5.0","E,0330","-7.3","E,0114","-11.0","E,0106","    3296.2","2","    3296.2","E","    591.3"," ,E","      9.32","E","     13.34","E","      5.29","E"
"GM000010393","1996","52.2094","14.1203","98.0","LINDENBERG, GM","     89.0","","      89.0","E","       129","E","        56","E","         2","E","       23","","         1","E","       130","E","        53","E","        64","E","         1","E","  -18.5","E,1229, ","    70"," ,E,1130,+","  39.3"," ,E,0503, ","   33.5","E,0608, ","-1.8","E,1123","-3.9","E,1124","-6.1","E,1216","-8.5","E,1221","-11.1","E,1222","-2.9","E,0415","-2.9","E,0415","-6.9","E,0401","-6.9","E,0401","-8.9","E,0223","    3939.8","8","    3939.8","E","    475.1"," ,E","      7.53","E","     11.30","E","      3.76","E"
"GM000010393","1997","52.2094","14.1203","98.0","LINDENBERG, GM","    178.4","","     178.4","E","       130","E","        62","E","         3","E","        2","","         1","E","       108","E","        19","E","        92","E","         1","E","  -17.8","E,0102, ","    40"," ,E,0317, ","  47.3"," ,E,0829, ","   32.7","E,0629, ","-2.1","E,1021","-3.1","E,1026","-4.9","E,1028","-6.8","E,1215","-11.2","E,1216","-1.0","E,0423","-3.2","E,0421","-4.8","E,0320","-7.9","E,0127","-13.6","E,0105","    3645.4","4","    3645.4","E","    578.1"," ,E","      9.28","E","     13.41","E","      5.14","E"
"GM000010393","1998","52.2094","14.1203","98.0","LINDENBERG, GM","    109.5","","     109.5","E","       171","E","        87","E","         2","E","       18","","         0","E","        71","E","        27","E","        86","E","         2","E","  -14.3","E,1212, ","   100"," ,E,1209,+","  49.3"," ,E,0607, ","   36.7","E,0721, ","-1.6","E,1113","-3.0","E,1118","-8.7","E,1121","-8.7","E,1121","-9.9","E,1122","-0.4","E,0414","-3.5","E,0325","-5.0","E,0311","-10.9","E,0202","-10.9","E,0202","    3115.7","7","    3115.7","E","    681.8"," ,E","      9.61","E","     13.40","E","      5.82","E"
"GM000010393","1999","52.2094","14.1203","98.0","LINDENBERG, GM","    172.7","","     172.7","E","       151","E","        58","E","         0","E","       13","","         0","E","        80","E","        10","E","       101","E","         1","E","  -14.9","E,0131, ","   180"," ,E,0218, ","  16.6"," ,E,0602, ","   33.6","E,0705, ","-0.4","E,1017","-3.4","E,1112","-4.9","E,1124","","","","","-0.4","E,0420","-2.2","E,0317","-5.3","E,0215","-8.0","E,0212","-8.9","E,0211","    3433.6","6","    3433.6","E","    461.7"," ,E","     10.24","E","     14.28","E","      6.20","E"
"GM000010393","2000","52.2094","14.1203","98.0","LINDENBERG, GM","    143.3","","     143.3","E","       148","E","        67","E","         2","E","       14","","         0","E","        55","E","        13","E","        95","E","         4","E","  -13.4","E,0125, ","    90"," ,E,1227,+","  26.8"," ,E,0901, ","   35.6","E,0621, ","-0.8","E,1218","-3.1","E,1219","-6.4","E,1222","","","","","-1.3","E,0408","-3.1","E,0318","-6.2","E,0126","-13.4","E,0125","-13.4","E,0125","    3005.4","4","    3005.4","E","    559.9"," ,E","     10.63","E","     14.53","E","      6.73","E"
"GM000010393","2001","52.2094","14.1203","98.0","LINDENBERG, GM","    145.6","","     145.6","E","       162","E","        73","E","         0","E","       31","","         0","E","        99","E","        19","E","        85","E","         3","E","  -12.4","E,1214, ","   190"," ,E,0326, ","  23.9"," ,E,0913, ","   34.6","E,0816,+","-1.0","E,1109","-3.2","E,1110","-11.1","E,1213","-11.1","E,1213","-11.1","E,1213","-0.1","E,0419","-5.5","E,0328","-5.5","E,0328","-9.8","E,0227","-9.8","E,0227","    3238.9","9","    3238.9","E","    543.2"," ,E","      9.31","E","     13.07","E","      5.56","E"
"GM000010393","2002","52.2094","14.1203","98.0","LINDENBERG, GM","    200.7","","     200.7","E","       151","E","        74","E","         3","E","       16","","         0","E","        76","E","        26","E","        96","E","         3","E","  -12.8","E,0104, ","    80"," ,E,1231, ","  58.6"," ,E,0523, ","   33.9","E,0710, ","-0.7","E,1012","-3.7","E,1105","-5.5","E,1107","-7.5","E,1207","-11.3","E,1209","-0.4","E,0408","-2.9","E,0407","-4.4","E,0406","-8.4","E,0116","-9.6","E,0115","    3153.8","8","    3153.8","E","    718.4"," ,E","      9.84","E","     13.72","E","      5.95","E"
"GM000010393","2003","52.2094","14.1203","98.0","LINDENBERG, GM","    233.3","","     233.3","E","       113","E","        48","E","         0","E","       11","","         0","E","       110","E","        21","E","       107","E","         5","E","  -16.7","E,0108, ","    50"," ,E,0203,+","  16.9"," ,E,0721, ","   35.2","E,0813, ","-0.3","E,1014","-2.5","E,1023","-4.5","E,1024","-7.2","E,1223","","","-1.3","E,0412","-4.7","E,0410","-4.7","E,0410","-8.9","E,0218","-8.9","E,0218","    3543.6","6","    3543.6","E","    382.6"," ,E","      9.66","E","     14.15","E","      5.17","E"
"GM000010393","2004","52.2094","14.1203","98.0","LINDENBERG, GM","    109.3","","     109.3","E","       139","E","        68","E","         1","E","       24","","         0","E","        83","E","        15","E","        81","E","         0","E","  -12.7","E,0124, ","    80"," ,E,0211, ","  32.2"," ,E,0708, ","   31.5","E,0812, ","-0.5","E,1012","-2.2","E,1124","-4.6","E,1214","-6.7","E,1222","","","-0.2","E,0411","-3.1","E,0327","-4.8","E,0306","-7.8","E,0212","-10.6","E,0125","    3381.1","1","    3381.1","E","    534.3"," ,E","      9.44","E","     13.39","E","      5.48","E"
"GM000010393","2005","52.2094","14.1203","98.0","LINDENBERG, GM","    149.3","","     149.3","E","       139","E","        71","E","         5","E","       43","","         0","E","        97","E","        24","E","        88","E","         1","E","  -12.5","E,0228, ","   200"," ,E,0302, ","  34.4"," ,E,0705, ","   32.4","E,0625, ","-0.4","E,1117","-2.4","E,1121","-4.4","E,1128","-10.1","E,1230","-10.1","E,1230","-0.4","E,0422","-2.5","E,0322","-5.1","E,0320","-9.6","E,0310","-9.6","E,0310","    3363.9","9","    3363.9","E","    562.7"," ,E","      9.53","E","     13.63","E","      5.42","E"
"GM000010393","2006","52.2094","14.1203","98.0","LINDENBERG, GM","    277.3","","     277.3","E","       130","E","        60","E","         0","E","       61","","         3","E","        88","E","        26","E","       106","E","         8","E","  -20.2","E,0123, ","   180"," ,E,0312, ","  13.3"," ,E,1105, ","   35.8","E,0720, ","-0.4","E,1101","-2.9","E,1103","","","","","","","-1.0","E,0411","-3.2","E,0324","-4.7","E,0323","-8.0","E,0314","-10.5","E,0313","    3562.6","6","    3562.6","E","    375.6"," ,E","     10.22","E","     14.34","E","      6.10","E"
"GM000010393","2007","52.2094","14.1203","98.0","LINDENBERG, GM","    172.3","","     172.3","E","       155","E","        80","E","         1","E","        7","","         0","E","        56","E","        12","E","        93","E","         2","E","   -9.6","E,0126, ","    90"," ,E,0323, ","  30.4"," ,E,0820, ","   36.8","E,0716, ","-1.2","E,1020","-2.3","E,1022","-4.7","E,1128","-6.7","E,1221","","","0.0","E,0404","-3.1","E,0224","-5.3","E,0211","-9.6","E,0126","-9.6","E,0126","    2506.0","0","    2506.0","E","    691.0"," ,E","     10.48","E","     14.45","E","      6.51","E"
"GM000010393","2008","52.2094","14.1203","98.0","LINDENBERG, GM","    146.1","","     146.1","E","       152","E","        72","E","         0","E","        6","","         0","E","        59","E","         9","E","        91","E","         3","E","   -8.7","E,0104, ","    80"," ,E,1126,+","  18.8"," ,E,0704, ","   33.6","E,0703, ","-0.6","E,1114","-3.8","E,1124","-5.4","E,1226","-7.9","E,1231","","","-0.2","E,0328","-3.0","E,0327","-6.3","E,0217","-6.9","E,0216","","","    3241.3","3","    3241.3","E","    596.8"," ,E","     10.14","E","     14.00","E","      6.28","E"
"GM000010393","2009","52.2094","14.1203","98.0","LINDENBERG, GM","    138.0","","     138.0","E","       158","E","        77","E","         0","E","       36","","         2","E","        83","E","        32","E","       104","E","         0","E","  -20.7","E,0107, ","   190"," ,E,0222,+","  18.7"," ,E,1102, ","   31.8","E,0802, ","-0.9","E,1031","-2.6","E,1101","-4.6","E,1213","-9.5","E,1217","-9.5","E,1217","-4.3","E,0325","-4.3","E,0325","-5.6","E,0219","-8.2","E,0217","-9.9","E,0114","    3368.4","4","    3368.4","E","    580.5"," ,E","      9.54","E","     13.55","E","      5.53","E"
"GM000010393","2010","52.2094","14.1203","98.0","LINDENBERG, GM","    206.3","","     206.3","E","       147","E","        81","E","         5","E","       94","","         2","E","       115","E","        65","E","        80","E","         7","E","  -19.5","E,0127, ","   430"," ,E,1228, ","  37.4"," ,E,0814, ","   37.0","E,0712, ","-0.9","E,1013","-3.0","E,1125","-5.5","E,1127","-9.2","E,1130","-9.2","E,1130","-0.3","E,0423","-2.4","E,0312","-4.8","E,0311","-7.2","E,0309","-9.2","E,0307","    3630.4","4","    3630.4","E","    791.8"," ,E","      8.13","E","     12.07","E","      4.20","E"
"GM000010393","2011","52.2094","14.1203","98.0","LINDENBERG, GM","    132.6","","     132.6","E","       125","E","        54","E","         3","E","        9","","         0","E","        75","E","        18","E","       107","E","         0","E","  -13.7","E,0223, ","   290"," ,E,0101, ","  44.9"," ,E,0721, ","   32.1","E,0531, ","-0.9","E,1111","-2.3","E,1112","","","","","","","-1.5","E,0329","-4.9","E,0308","-4.9","E,0308","-9.1","E,0226","-9.1","E,0226","    3460.2","2","    3460.2","E","    572.1"," ,E","     10.24","E","     14.47","E","      6.01","E"
"GM000010393","2012","52.2094","14.1203","98.0","LINDENBERG, GM","    163.1","","     163.1","E","       149","E","        72","E","         3","E","       23","","         1","E","        77","E","        28","E","        94","E","         3","E","  -19.7","E,0206, ","   210"," ,E,1213,+","  37.4"," ,E,0630, ","   35.2","E,0820, ","-2.6","E,1028","-2.6","E,1028","-5.5","E,1205","-7.6","E,1206","-10.3","E,1208","-0.9","E,0417","-5.0","E,0307","-5.0","E,0307","-8.7","E,0214","-16.1","E,0212","    3227.3","3","    3227.3","E","    622.4"," ,E","      9.55","E","     13.72","E","      5.39","E"
"GM000010393","2013","52.2094","14.1203","98.0","LINDENBERG, GM","    165.2","","     165.2","E","       143","E","        74","E","         3","E","       54","","         0","E","       100","E","        32","E","        89","E","         6","E","  -12.1","E,0324,+","   110"," ,E,0224, ","  30.4"," ,E,0530, ","   34.1","E,0727, ","-0.3","E,1112","-3.7","E,1126","-4.5","E,1127","","","","","-2.4","E,0408","-2.4","E,0408","-4.6","E,0402","-7.0","E,0326","-12.1","E,0324","    3601.3","3","    3601.3","E","    611.2"," ,E","      9.27","E","     13.05","E","      5.48","E"
"GM000010393","2014","52.2094","14.1203","98.0","LINDENBERG, GM","    194.2","","     194.2","E","       148","E","        59","E","         0","E","        8","","         0","E","        46","E","        20","E","        90","E","         3","E","  -14.3","E,0126, ","    50"," ,E,1230,+","  18.3"," ,E,0709,+","   34.1","E,0720, ","-0.5","E,1127","-2.5","E,1129","-5.0","E,1226","-6.7","E,1227","-10.0","E,1228","-0.9","E,0326","-2.4","E,0307","-5.6","E,0131","-7.3","E,0130","-9.2","E,0127","    2942.2","2","    2942.2","E","    474.2"," ,E","     10.95","E","     15.01","E","      6.89","E"
"GM000010393","2015","52.2094","14.1203","98.0","LINDENBERG, GM","    237.1","","     237.1","E","       138","E","        59","E","         0","E","       11","","         0","E","        69","E","         5","E","        90","E","        13","E","   -7.1","E,0207, ","    50"," ,E,0205,+","  25.2"," ,E,0816, ","   37.1","E,0807, ","-1.9","E,1012","-2.2","E,1123","-4.8","E,1231","","","","","-0.7","E,0418","-3.1","E,0405","-7.1","E,0207","-7.1","E,0207","","","    3056.4","4","    3056.4","E","    495.9"," ,E","     10.65","E","     15.07","E","      6.24","E"
"GM000010393","2016","52.2094","14.1203","98.0","LINDENBERG, GM","    215.7","","     215.7","E","       147","E","        62","E","         1","E","        9","","         0","E","        78","E","        15","E","       119","E","         5","E","  -12.5","E,0104, ","    80"," ,E,0108, ","  27.4"," ,E,0617, ","   34.9","E,0624, ","0.0","E,1108","-5.4","E,1112","-5.4","E,1112","","","","","-2.1","E,0317","-2.4","E,0309","-8.9","E,0123","-8.9","E,0123","-8.9","E,0123","    2998.3","3","    2998.3","E","    495.4"," ,E","     10.17","E","     14.22","E","      6.12","E"
"GM000010393","2017","52.2094","14.1203","98.0","LINDENBERG, GM","    142.7","","     142.7","E","       152","E","        75","E","         5","E","       19","","         0","E","        70","E","        17","E","        97","E","         1","E","  -10.0","E,0111, ","    60"," ,E,0116,+","  75.2"," ,E,0629, ","   32.3","E,0730, ","-0.8","E,1114","-3.1","E,1218","","","","","","","-0.7","E,0509","-3.6","E,0420","-8.0","E,0214","-8.0","E,0214","-10.0","E,0111","    3241.6","6","    3241.6","E","    739.4"," ,E","     10.08","E","     13.96","E","      6.20","E"
"GM000010393","2018","52.2094","14.1203","98.0","LINDENBERG, GM","    342.6","","     342.6","E","       100","E","        46","E","         0","E","        2","","         0","E","        77","E","        14","E","       144","E","        11","E","  -13.9","E,0302, ","    40"," ,E,0307,+","  20.3"," ,E,1113, ","   36.3","E,0808, ","-1.6","E,1117","-4.4","E,1118","-4.4","E,1118","","","","","-0.9","E,0402","-5.7","E,0321","-5.7","E,0321","-6.8","E,0319","-9.7","E,0304","    3007.8","8","    3007.8","E","    397.7"," ,E","     11.21","E","     15.64","E","      6.79","E"
"GM000010393","2019","52.2094","14.1203","98.0","LINDENBERG, GM","    290.2","","     290.2","E","       139","E","        64","E","         1","E","        5","","         0","E","        56","E","         5","E","       111","E","        10","E","   -7.6","E,0123, ","    70"," ,E,0204, ","  35.1"," ,E,0620, ","   36.9","E,0630, ","-1.5","E,1030","-2.9","E,1101","","","","","","","-0.9","E,0505","-2.6","E,0224","-4.8","E,0223","-7.6","E,0123","","","    2851.5","5","    2851.5","E","    520.3"," ,E","     11.20","E","     15.56","E","      6.84","E"
"GM000010393","2020","52.2094","14.1203","98.0","LINDENBERG, GM","    208.5","","     208.5","E","       129","E","        60","E","         1","E","","","         0","E","        48","E","         1","E","       110","E","         5","E","   -5.0","E,0330, ","","","  30.0"," ,E,0613, ","   35.2","E,0809, ","-1.4","E,1120","-2.6","E,1125","","","","","","","-0.6","E,0512","-3.9","E,0401","-5.0","E,0330","","","","","    2857.6","6","    2857.6","E","    510.5"," ,E","     11.09","E","     15.40","E","      6.79","E"
"GM000010393","2021","52.2094","14.1203","98.0","LINDENBERG, GM","    204.8","","     204.8","E","       149","E","        63","E","         3","E","","","         0","E","        89","E","        19","E","        98","E","         4","E","  -13.5","E,0210, ","","","  45.4"," ,E,0822, ","   35.9","E,0619, ","-0.4","E,1111","-2.7","E,1128","-6.4","E,1211","-9.2","E,1225","-9.2","E,1225","-1.5","E,0426","-2.4","E,0322","-12.3","E,0215","-12.3","E,0215","-12.3","E,0215","    3191.8","8","    3191.8","E","    536.3"," ,E","      9.86","E","     13.92","E","      5.80","E"
"GM000010393","2022","52.2094","14.1203","98.0","LINDENBERG, GM","    252.0","","     252.0","E","       129","E","        51","E","         2","E","        0","","         0","E","        68","E","        10","E","       105","E","        11","E","  -10.0","E,1215, ","    20"," ,E,1121, ","  30.2"," ,E,0827, ","   37.9","E,0619, ","-4.8","E,1118","-4.8","E,1118","-4.8","E,1118","-9.3","E,1214","-9.3","E,1214","-1.0","E,0417","-5.5","E,0403","-5.5","E,0403","","","","","    2955.8","8","    2955.8","E","    500.7"," ,E","     10.99","E","     15.44","E","      6.55","E"
"GM000010393","2023","52.2094","14.1203","98.0","LINDENBERG, GM","    242.5","","     242.5","E","       170","E","        84","E","         2","E","       13","","         0","E","        66","E","         7","E","       113","E","         1","E","   -8.0","E,1202, ","    70"," ,E,1204,+","  46.7"," ,E,0622, ","   35.0","E,0715, ","-0.1","E,1117","-3.9","E,1122","-6.0","E,1128","-7.6","E,1201","","","-0.1","E,0409","-3.1","E,0404","-4.8","E,0301","-7.5","E,0207","","","    2975.4","4","    2975.4","E","    729.7"," ,E","     11.08","E","     15.17","E","      6.99","E"
"GM000010393","2024","52.2094","14.1203","98.0","LINDENBERG, GM","    265.3","","     265.3","E","       142","E","        80","E","         3","E","","","         0","E","        50","E","         8","E","       127","E","         3","E","  -12.2","E,0109, ","","","  34.7"," ,E,0710, ","   33.8","E,0829, ","-0.1","E,1110","-2.2","E,1121","","","","","","","-0.8","E,0423","-3.1","E,0422","-6.7","E,0121","-6.7","E,0121","-9.1","E,0111","    2620.1","1","    2620.1","E","    713.4"," ,E","     11.74","E","     15.82","E","      7.67","E"
