"STATION","DATE","LATITUDE","LONGITUDE","ELEVATION","NAME","CDSD","CDSD_ATTRIBUTES","CLDD","CLDD_ATTRIBUTES","DP01","DP01_ATTRIBUTES","DP10","DP10_ATTRIBUTES","DP1X","DP1X_ATTRIBUTES","DT00","DT00_ATTRIBUTES","DT32","DT32_ATTRIBUTES","DX32","DX32_ATTRIBUTES","DX70","DX70_ATTRIBUTES","DX90","DX90_ATTRIBUTES","EMNT","EMNT_ATTRIBUTES","EMXP","EMXP_ATTRIBUTES","EMXT","EMXT_ATTRIBUTES","FZF0","FZF0_ATTRIBUTES","FZF1","FZF1_ATTRIBUTES","FZF2","FZF2_ATTRIBUTES","FZF3","FZF3_ATTRIBUTES","FZF4","FZF4_ATTRIBUTES","FZF5","FZF5_ATTRIBUTES","FZF6","FZF6_ATTRIBUTES","FZF7","FZF7_ATTRIBUTES","FZF8","FZF8_ATTRIBUTES","FZF9","FZF9_ATTRIBUTES","HDSD","HDSD_ATTRIBUTES","HTDD","HTDD_ATTRIBUTES","PRCP","PRCP_ATTRIBUTES","TAVG","TAVG_ATTRIBUTES","TMAX","TMAX_ATTRIBUTES","TMIN","TMIN_ATTRIBUTES"
"RSM00032165","1947","44.0167","145.8667","44.0","JUZHNO KURILSK, RS","     17.3","","      17.3","r","       183","r","        95","r","        11","r","         0","r","       166","r","        81","r","        18","r","         0","r","  -14.4","r,0222, "," 144.0"," ,r,0916, ","   26.6","r,0714, ","-0.5","r,1111","-3.3","r,1118","-5.1","r,1125","-7.2","r,1208","-9.6","r,1212","-0.5","r,0527","-2.4","r,0509","-7.4","r,0401","-7.4","r,0401","-10.0","r,0324","","","","","   1363.4"," ,r","      4.80","r","      8.08","r","      1.53","r"
"RSM00032165","1948","44.0167","145.8667","44.0","JUZHNO KURILSK, RS","     50.7","","      50.7","r","       193","r","        81","r","        14","r","         0","r","       149","r","        57","r","        35","r","         0","r","  -15.1","r,0206, ","  73.9"," ,r,0525, ","   26.1","r,0808, ","-1.9","r,1108","-2.4","r,1116","-5.2","r,1217","-7.4","r,1223","-9.4","r,1224","-1.0","r,0426","-3.5","r,0417","-7.9","r,0327","-7.9","r,0327","-14.1","r,0325","    4743.4","4","    4743.4","r","   1468.0"," ,r","      6.18","r","      9.32","r","      3.05","r"
"RSM00032165","1949","44.0167","145.8667","44.0","JUZHNO KURILSK, RS","     32.7","","      32.7","r","       201","r","        81","r","         8","r","         0","r","       162","r","        74","r","        25","r","         0","r","  -12.4","r,0316,+","  54.5"," ,r,0826, ","   30.4","r,0718, ","-0.8","r,1112","-2.5","r,1116","-7.1","r,1207","-7.1","r,1207","-8.9","r,1223","-0.6","r,0509","-2.3","r,0505","-5.4","r,0417","-9.3","r,0414","-9.3","r,0414","    4601.1","1","    4601.1","r","    919.4"," ,r","      5.42","r","      8.52","r","      2.33","r"
"RSM00032165","1950","44.0167","145.8667","44.0","JUZHNO KURILSK, RS","     63.1","","      63.1","r","       176","r","        84","r","        13","r","         0","r","       155","r","        72","r","        31","r","         0","r","  -15.1","r,0215, "," 100.2"," ,r,1202, ","   27.5","r,0729, ","-0.5","r,1025","-2.7","r,1115","-4.5","r,1116","-7.4","r,1216","-9.4","r,1222","-1.7","r,0509","-5.0","r,0430","-5.0","r,0430","-7.1","r,0406","-9.3","r,0331","    4684.5","5","    4684.5","r","   1157.3"," ,r","      5.85","r","      9.08","r","      2.63","r"
"RSM00032165","1951","44.0167","145.8667","44.0","JUZHNO KURILSK, RS","     54.7","","      54.7","r","       175","r","        82","r","         4","r","         1","r","       158","r","        73","r","        30","r","         0","r","  -18.7","r,0215, ","  73.2"," ,r,0901, ","   29.7","r,0810, ","-0.4","r,1022","-2.6","r,1127","-6.3","r,1128","-6.9","r,1227","-10.5","r,1230","-1.1","r,0508","-4.6","r,0426","-4.6","r,0426","-7.5","r,0331","-10.2","r,0313","    4715.5","5","    4715.5","r","    971.2"," ,r","      5.26","r","      8.45","r","      2.07","r"
"RSM00032165","1952","44.0167","145.8667","44.0","JUZHNO KURILSK, RS","     10.2","","      10.2","r","       189","r","        91","r","         7","r","         0","r","       166","r","        97","r","        17","r","         0","r","  -17.6","r,0226, ","  70.9"," ,r,1010, ","   26.5","r,0726, ","-0.4","r,1108","-2.3","r,1112","-6.5","r,1113","-9.7","r,1204","-9.7","r,1204","-0.4","r,0518","-2.2","r,0427","-5.7","r,0402","-9.5","r,0322","-9.5","r,0322","    4808.3","3","    4808.3","r","   1017.4"," ,r","      4.69","r","      7.83","r","      1.56","r"
"RSM00032165","1953","44.0167","145.8667","44.0","JUZHNO KURILSK, RS","      8.1","","       8.1","r","       180","r","        86","r","        11","r","         3","r","       174","r","        82","r","        13","r","         0","r","  -20.3","r,0210, ","  85.3"," ,r,0926, ","   26.0","r,0818, ","-1.0","r,1031","-2.4","r,1113","-4.8","r,1118","-8.6","r,1205","-9.0","r,1206","-0.9","r,0519","-3.4","r,0423","-5.2","r,0419","-11.4","r,0402","-11.4","r,0402","    5191.3","3","    5191.3","r","   1268.7"," ,r","      4.06","r","      7.01","r","      1.11","r"
"RSM00032165","1954","44.0167","145.8667","44.0","JUZHNO KURILSK, RS","      3.8","","       3.8","r","       179","r","        92","r","        19","r","         0","r","       157","r","        73","r","        10","r","         0","r","  -16.8","r,0314, ","  63.9"," ,r,0530, ","   27.8","r,0909, ","-0.6","r,1111","-3.0","r,1116","-6.8","r,1215","-6.8","r,1215","","","-1.0","r,0512","-2.5","r,0501","-4.6","r,0402","-7.7","r,0318","-16.8","r,0314","    4971.2","2","    4971.2","r","   1488.9"," ,r","      4.60","r","      7.53","r","      1.67","r"
"RSM00032165","1955","44.0167","145.8667","44.0","JUZHNO KURILSK, RS","     25.9","","      25.9","r","       175","r","       104","r","        16","r","         0","r","       144","r","        74","r","        19","r","         0","r","  -16.5","r,0123, ","  72.4"," ,r,1015, ","   27.9","r,0720, ","-0.2","r,1031","-2.2","r,1121","-5.3","r,1207","-7.0","r,1219","","","-0.4","r,0509","-6.5","r,0419","-6.5","r,0419","-7.2","r,0331","-9.1","r,0312","    4978.4","4","    4978.4","r","   1404.5"," ,r","      5.46","r","      8.55","r","      2.38","r"
"RSM00032165","1956","44.0167","145.8667","44.0","JUZHNO KURILSK, RS","      4.4","","       4.4","r","       178","r","        97","r","        18","r","         0","r","       155","r","        74","r","         5","r","         0","r","  -15.4","r,0312, ","  71.9"," ,r,0606, ","   27.8","r,0911, ","-0.1","r,1109","-3.6","r,1117","-5.4","r,1128","-6.8","r,1211","-9.6","r,1221","-1.6","r,0429","-2.7","r,0413","-4.4","r,0408","-7.3","r,0401","-9.7","r,0327","    4545.2","2","    4545.2","r","   1505.7"," ,r","      5.35","r","      8.38","r","      2.32","r"
"RSM00032165","1957","44.0167","145.8667","44.0","JUZHNO KURILSK, RS","      7.8","","       7.8","r","       168","r","        87","r","        12","r","         0","r","       150","r","        86","r","         6","r","         0","r","  -13.5","r,0308, ","  62.5"," ,r,0807, ","   28.1","r,0824, ","-2.2","r,1114","-2.2","r,1114","-4.8","r,1124","-7.1","r,1214","","","-0.8","r,0511","-2.4","r,0418","-5.4","r,0329","-8.2","r,0325","-10.1","r,0324","    5020.7","7","    5020.7","r","   1281.3"," ,r","      4.83","r","      7.34","r","      2.32","r"
"RSM00032165","1958","44.0167","145.8667","44.0","JUZHNO KURILSK, RS","      1.1","","       1.1","r","       165","r","        71","r","         6","r","         0","r","       156","r","        71","r","         8","r","         0","r","  -13.0","r,0301, ","  97.9"," ,r,0730, ","   23.7","r,0627, ","-0.5","r,1115","-3.0","r,1202","-6.9","r,1206","-6.9","r,1206","","","-0.2","r,0517","-2.7","r,0506","-7.0","r,0331","-7.0","r,0331","-11.1","r,0313","    4766.3","3","    4766.3","r","   1037.7"," ,r","      5.21","r","      7.78","r","      2.65","r"
"RSM00032165","1959","44.0167","145.8667","44.0","JUZHNO KURILSK, RS","      4.2","","       4.2","r","       181","r","        94","r","        12","r","         0","r","       148","r","        77","r","         6","r","         0","r","  -12.7","r,0225, ","  47.6"," ,r,0927, ","   25.0","r,0808, ","-0.1","r,1116","-3.1","r,1117","-5.7","r,1216","-8.6","r,1217","-9.0","r,1218","-0.2","r,0421","-2.2","r,0419","-5.2","r,0324","-7.4","r,0318","-9.2","r,0307","    4717.3","3","    4717.3","r","   1163.7"," ,r","      5.28","r","      7.77","r","      2.79","r"
"RSM00032165","1960","44.0167","145.8667","44.0","JUZHNO KURILSK, RS","     39.4","","      39.4","r","       175","r","       101","r","        11","r","         0","r","       155","r","        93","r","        24","r","         0","r","  -16.4","r,0212,+","  61.3"," ,r,0628, ","   28.6","r,0809, ","0.0","r,1112","-5.2","r,1127","-5.2","r,1127","-6.8","r,1207","-9.1","r,1230","-1.5","r,0428","-3.5","r,0419","-4.5","r,0331","-6.9","r,0329","-10.9","r,0325","    5087.4","4","    5087.4","r","   1353.9"," ,r","      4.65","r","      7.30","r","      1.99","r"
"RSM00032165","1961","44.0167","145.8667","44.0","JUZHNO KURILSK, RS","     20.4","","      20.4","r","       188","r","        83","r","         8","r","         0","r","       151","r","        85","r","        18","r","         0","r","  -15.4","r,0120, ","  59.0"," ,r,1007, ","   25.5","r,0924, ","-0.2","r,1111","-3.9","r,1113","-4.6","r,1204","-8.1","r,1215","","","-1.4","r,0507","-2.2","r,0423","-6.3","r,0330","-8.0","r,0327","-9.6","r,0322","    4790.2","2","    4790.2","r","    983.8"," ,r","      5.45","r","      8.25","r","      2.66","r"
"RSM00032165","1962","44.0167","145.8667","44.0","JUZHNO KURILSK, RS","      4.9","","       4.9","r","       174","r","        82","r","        11","r","         0","r","       139","r","        75","r","        12","r","         0","r","  -15.9","r,0214, ","  47.8"," ,r,1020, ","   27.9","r,0815, ","-0.7","r,1116","-2.9","r,1119","-5.7","r,1122","-6.9","r,1225","","","-0.1","r,0430","-2.4","r,0401","-4.5","r,0330","-7.3","r,0326","-9.2","r,0321","    4544.5","5","    4544.5","r","   1193.3"," ,r","      5.53","r","      8.30","r","      2.76","r"
"RSM00032165","1963","44.0167","145.8667","44.0","JUZHNO KURILSK, RS","      6.8","","       6.8","r","       181","r","        92","r","        13","r","         0","r","       147","r","        74","r","         6","r","         0","r","  -13.4","r,0208, "," 110.2"," ,r,0906, ","   30.1","r,0731, ","-1.0","r,1115","-2.5","r,1202","-4.9","r,1212","-10.2","r,1215","-10.2","r,1215","-0.4","r,0509","-3.3","r,0411","-6.3","r,0330","-8.4","r,0314","-8.9","r,0312","    4664.4","4","    4664.4","r","   1307.1"," ,r","      5.53","r","      8.17","r","      2.90","r"
"RSM00032165","1964","44.0167","145.8667","44.0","JUZHNO KURILSK, RS","      5.8","","       5.8","r","       196","r","        95","r","        11","r","         0","r","       157","r","        88","r","         8","r","         0","r","  -17.1","r,0228, ","  65.5"," ,r,0610, ","   29.4","r,0812, ","0.0","r,1025","-3.5","r,1122","-5.1","r,1210","","","","","-0.6","r,0520","-2.6","r,0430","-6.0","r,0408","-6.7","r,0324","-9.5","r,0318","    4946.7","7","    4946.7","r","   1317.1"," ,r","      4.17","r","      6.79","r","      1.56","r"
"RSM00032165","1965","44.0167","145.8667","44.0","JUZHNO KURILSK, RS","      4.8","","       4.8","r","       188","r","        93","r","         8","r","         0","r","       163","r","        78","r","         8","r","         0","r","  -14.9","r,0306, ","  60.0"," ,r,0607, ","   24.8","r,0828, ","0.0","r,1109","-2.5","r,1111","-4.4","r,1112","-7.3","r,1210","-9.3","r,1217","-0.1","r,0512","-2.3","r,0502","-6.4","r,0419","-8.0","r,0405","-14.6","r,0307","    5056.4","4","    5056.4","r","   1170.9"," ,r","      4.69","r","      7.34","r","      2.04","r"
"RSM00032165","1966","44.0167","145.8667","44.0","JUZHNO KURILSK, RS","      1.9","","       1.9","r","       233","r","        98","r","        18","r","         0","r","       151","r","        66","r","        10","r","         0","r","  -15.6","r,0224,+","  74.1"," ,r,0629, ","   26.2","r,0519, ","-1.6","r,1115","-3.8","r,1202","-5.1","r,1207","-7.0","r,1212","-9.5","r,1221","-0.1","r,0506","-4.1","r,0419","-4.7","r,0410","-9.6","r,0308","-9.6","r,0308","    4984.6","6","    4984.6","r","   1549.7"," ,r","      4.60","r","      7.29","r","      1.91","r"
"RSM00032165","1967","44.0167","145.8667","44.0","JUZHNO KURILSK, RS","     15.9","","      15.9","r","       194","r","        85","r","         7","r","         2","r","       154","r","        76","r","        13","r","         0","r","  -19.2","r,0214, ","  63.5"," ,r,0629, ","   25.1","r,0825, ","-2.4","r,1109","-2.4","r,1109","-6.6","r,1110","-8.7","r,1230","","","0.0","r,0430","-3.5","r,0416","-4.7","r,0325","-7.7","r,0321","-14.0","r,0312","    4953.5","5","    4953.5","r","   1056.1"," ,r","      4.86","r","      7.58","r","      2.14","r"
"RSM00032165","1968","44.0167","145.8667","44.0","JUZHNO KURILSK, RS","     13.9","","      13.9","r","       198","r","        80","r","        11","r","         0","r","       129","r","        61","r","        15","r","         0","r","  -14.1","r,0226, ","  67.2"," ,r,0830, ","   24.9","r,0721, ","-0.9","r,1119","-3.9","r,1128","-5.4","r,1129","-9.0","r,1227","-9.0","r,1227","-0.7","r,0424","-3.5","r,0409","-5.0","r,0319","-7.1","r,0310","-10.3","r,0229","    4817.1","1","    4817.1","r","   1129.1"," ,r","      5.39","r","      7.85","r","      2.91","r"
"RSM00032165","1969","44.0167","145.8667","44.0","JUZHNO KURILSK, RS","      1.8","","       1.8","r","       199","r","        94","r","        10","r","         0","r","       153","r","        86","r","         7","r","         0","r","  -16.7","r,0303, ","  88.5"," ,r,0901, ","   25.8","r,0719, ","-0.4","r,1118","-2.2","r,1125","-4.7","r,1128","-7.6","r,1210","-9.3","r,1216","-0.7","r,0525","-2.7","r,0418","-7.9","r,0406","-7.9","r,0406","-12.5","r,0314","    4901.5","5","    4901.5","r","   1278.3"," ,r","      4.31","r","      7.13","r","      1.49","r"
"RSM00032165","1970","44.0167","145.8667","44.0","JUZHNO KURILSK, RS","     20.7","","      20.7","r","       194","r","        80","r","         9","r","         0","r","       147","r","        95","r","        13","r","         0","r","  -15.4","r,0306, ","  66.3"," ,r,0821, ","   27.8","r,0727, ","-0.3","r,1115","-3.7","r,1116","-5.5","r,1130","-8.0","r,1209","-9.0","r,1227","-2.7","r,0425","-2.7","r,0425","-4.4","r,0422","-7.3","r,0405","-9.7","r,0326","    5089.8","8","    5089.8","r","   1073.7"," ,r","      4.92","r","      7.66","r","      2.18","r"
"RSM00032165","1971","44.0167","145.8667","44.0","JUZHNO KURILSK, RS","      3.0","","       3.0","r","       197","r","        80","r","        14","r","         0","r","       144","r","        76","r","         8","r","         0","r","  -12.5","r,0213, "," 106.0"," ,r,0905, ","   25.7","r,0730, ","-0.1","r,1108","-2.4","r,1126","-5.4","r,1129","-7.6","r,1130","-9.2","r,1223","-0.9","r,0508","-2.4","r,0416","-5.8","r,0325","-8.6","r,0324","-8.9","r,0301","    4746.0","0","    4746.0","r","   1412.6"," ,r","      4.90","r","      7.52","r","      2.27","r"
"RSM00032165","1972","44.0167","145.8667","44.0","JUZHNO KURILSK, RS","     25.2","","      25.2","r","       210","r","       100","r","        14","r","         0","r","       138","r","        66","r","        18","r","         0","r","  -12.5","r,0201, "," 135.3"," ,r,1012, ","   28.4","r,0818, ","-0.5","r,1105","-2.4","r,1111","-6.1","r,1214","-8.1","r,1221","","","-0.2","r,0422","-3.4","r,0415","-4.4","r,0410","-8.6","r,0317","-8.9","r,0219","    4769.0","0","    4769.0","r","   1624.5"," ,r","      5.97","r","      8.63","r","      3.32","r"
"RSM00032165","1973","44.0167","145.8667","44.0","JUZHNO KURILSK, RS","     17.1","","      17.1","r","       182","r","        87","r","        17","r","         0","r","       141","r","        73","r","        15","r","         0","r","  -11.9","r,0129, ","  73.9"," ,r,0925, ","   27.8","r,0715, ","-1.8","r,1123","-5.9","r,1126","-5.9","r,1126","","","","","-0.6","r,0524","-3.4","r,0410","-5.4","r,0329","-7.9","r,0327","-10.5","r,0312","    4580.1","1","    4580.1","r","   1331.4"," ,r","      5.61","r","      8.31","r","      2.92","r"
"RSM00032165","1974","44.0167","145.8667","44.0","JUZHNO KURILSK, RS","     12.7","","      12.7","r","       208","r","       106","r","        13","r","         0","r","       160","r","        92","r","        14","r","         0","r","  -13.6","r,0206, ","  70.0"," ,r,1118, ","   26.5","r,0731, ","-0.7","r,1101","-3.8","r,1111","-4.9","r,1112","-7.0","r,1204","-9.8","r,1226","-0.2","r,0507","-2.8","r,0421","-6.6","r,0329","-7.5","r,0328","-9.6","r,0306","    4696.5","5","    4696.5","r","   1335.7"," ,r","      5.01","r","      7.72","r","      2.30","r"
"RSM00032165","1975","44.0167","145.8667","44.0","JUZHNO KURILSK, RS","     29.0","","      29.0","r","       190","r","        90","r","        12","r","         0","r","       151","r","        74","r","        19","r","         0","r","  -15.1","r,0303, "," 109.9"," ,r,0518, ","   28.7","r,0802, ","-0.4","r,1111","-4.6","r,1125","-4.6","r,1125","-7.3","r,1231","","","-0.7","r,0512","-2.5","r,0423","-4.6","r,0403","-11.4","r,0317","-11.4","r,0317","    4933.3","3","    4933.3","r","   1383.6"," ,r","      5.23","r","      7.87","r","      2.59","r"
"RSM00032165","1976","44.0167","145.8667","44.0","JUZHNO KURILSK, RS","      8.3","","       8.3","r","       190","r","        88","r","        11","r","         0","r","       163","r","        78","r","        12","r","         0","r","  -12.1","r,0221, ","  66.3"," ,r,0915, ","   28.3","r,0802, ","-1.5","r,1105","-3.2","r,1112","-4.8","r,1216","-7.1","r,1224","","","-1.0","r,0503","-2.9","r,0411","-5.3","r,0410","-6.7","r,0401","-10.1","r,0302","    4649.9","9","    4649.9","r","   1189.4"," ,r","      5.22","r","      7.84","r","      2.61","r"
"RSM00032165","1977","44.0167","145.8667","44.0","JUZHNO KURILSK, RS","      5.5","","       5.5","r","       193","r","        70","r","         9","r","         2","r","       149","r","        83","r","         9","r","         0","r","  -18.6","r,0214, ","  56.4"," ,r,0518, ","   25.9","r,0726, ","-3.5","r,1111","-3.5","r,1111","-4.5","r,1220","-8.1","r,1221","-9.7","r,1222","-0.7","r,0524","-2.5","r,0430","-6.1","r,0328","-8.8","r,0323","-11.1","r,0306","    5132.1","1","    5132.1","r","    921.4"," ,r","      4.71","r","      7.28","r","      2.13","r"
"RSM00032165","1978","44.0167","145.8667","44.0","JUZHNO KURILSK, RS","     34.2","","      34.2","r","       194","r","        93","r","        12","r","         1","r","       146","r","        83","r","        17","r","         0","r","  -18.1","r,0218, ","  70.2"," ,r,0917, ","   26.4","r,0815, ","-1.0","r,1112","-2.6","r,1124","-6.7","r,1206","-6.7","r,1206","-9.3","r,1230","0.0","r,0524","-2.4","r,0412","-4.5","r,0404","-7.2","r,0402","-9.3","r,0321","    4835.2","2","    4835.2","r","   1231.1"," ,r","      5.18","r","      7.90","r","      2.45","r"
"RSM00032165","1979","44.0167","145.8667","44.0","JUZHNO KURILSK, RS","     13.1","","      13.1","r","       207","r","        93","r","        14","r","         0","r","       145","r","        69","r","        15","r","         0","r","  -13.6","r,0126, "," 103.1"," ,r,1001, ","   25.3","r,0819, ","-2.3","r,1107","-2.3","r,1107","-7.8","r,1223","-7.8","r,1223","","","-0.9","r,0501","-2.6","r,0427","-8.2","r,0405","-8.2","r,0405","-9.4","r,0312","    4714.4","4","    4714.4","r","   1335.4"," ,r","      5.43","r","      8.03","r","      2.83","r"
"RSM00032165","1980","44.0167","145.8667","44.0","JUZHNO KURILSK, RS","      0.0","","       0.0","r","       194","r","        77","r","         9","r","         0","r","       149","r","        70","r","         4","r","         0","r","  -15.7","r,0216, ","  64.1"," ,r,0618, ","   24.8","r,0606, ","-1.9","r,1109","-2.5","r,1209","-5.2","r,1219","","","","","-0.1","r,0511","-2.9","r,0508","-5.5","r,0416","-9.2","r,0324","-9.2","r,0324","    4727.7","7","    4727.7","r","    992.6"," ,r","      4.85","r","      7.43","r","      2.28","r"
"RSM00032165","1981","44.0167","145.8667","44.0","JUZHNO KURILSK, RS","      4.7","","       4.7","r","       211","r","        92","r","        13","r","         0","r","       154","r","        84","r","         8","r","         0","r","  -14.7","r,0309, "," 116.0"," ,r,0904, ","   24.2","r,0801, ","-1.1","r,1108","-4.9","r,1117","-4.9","r,1117","-7.0","r,1225","","","-0.6","r,0517","-2.2","r,0424","-5.6","r,0331","-8.8","r,0325","-9.4","r,0314","    5042.8","8","    5042.8","r","   1509.9"," ,r","      4.50","r","      6.94","r","      2.06","r"
"RSM00032165","1982","44.0167","145.8667","44.0","JUZHNO KURILSK, RS","      4.0","","       4.0","r","       201","r","        78","r","         7","r","         0","r","       143","r","        69","r","         8","r","         0","r","  -14.2","r,0205, ","  97.3"," ,r,0713, ","   23.0","r,0814, ","-2.0","r,1111","-6.7","r,1125","-6.7","r,1125","-6.7","r,1125","","","-0.2","r,0428","-2.7","r,0412","-5.4","r,0405","-6.9","r,0402","-9.6","r,0227","    4835.5","5","    4835.5","r","   1014.8"," ,r","      5.49","r","      8.08","r","      2.91","r"
"RSM00032165","1983","44.0167","145.8667","44.0","JUZHNO KURILSK, RS","      8.0","","       8.0","r","       202","r","        87","r","        10","r","         0","r","       141","r","        86","r","         6","r","         0","r","  -13.1","r,0214, ","  58.2"," ,r,1112, ","   30.5","r,0806, ","-2.7","r,1122","-2.7","r,1122","-4.6","r,1127","-7.5","r,1215","","","-0.6","r,0518","-3.1","r,0413","-4.9","r,0327","-7.1","r,0325","-9.2","r,0319","    4794.4","4","    4794.4","r","   1157.4"," ,r","      4.12","r","      6.57","r","      1.67","r"
"RSM00032165","1984","44.0167","145.8667","44.0","JUZHNO KURILSK, RS","     17.9","","      17.9","r","       172","r","        70","r","        11","r","         0","r","       158","r","       100","r","        12","r","         0","r","  -13.3","r,0219, ","  67.8"," ,r,0910, ","   28.3","r,0806, ","0.0","r,1110","-3.5","r,1112","-5.8","r,1113","-9.9","r,1215","-9.9","r,1215","-0.7","r,0513","-2.8","r,0416","-5.4","r,0409","-8.2","r,0403","-9.2","r,0316","    5173.3","3","    5173.3","r","   1015.1"," ,r","      4.83","r","      7.23","r","      2.44","r"
"RSM00032165","1985","44.0167","145.8667","44.0","JUZHNO KURILSK, RS","     14.0","","      14.0","r","       184","r","        93","r","        13","r","         0","r","       147","r","        82","r","        12","r","         0","r","  -13.9","r,0131, ","  63.7"," ,r,0701, ","   27.0","r,0804, ","-0.2","r,1103","-2.2","r,1125","-5.3","r,1126","-8.7","r,1215","-9.2","r,1216","-0.2","r,0516","-2.8","r,0402","-4.5","r,0321","-6.9","r,0313","-9.5","r,0305","    4816.5","5","    4816.5","r","   1216.8"," ,r","      4.86","r","      7.35","r","      2.36","r"
"RSM00032165","1986","44.0167","145.8667","44.0","JUZHNO KURILSK, RS","      3.7","","       3.7","r","       207","r","       105","r","        16","r","         1","r","       154","r","        86","r","         9","r","         0","r","  -18.0","r,0305, ","  86.6"," ,r,0922, ","   22.9","r,0828, ","-1.6","r,1115","-2.5","r,1116","-4.5","r,1206","-6.8","r,1217","-9.1","r,1223","0.0","r,0423","-3.2","r,0408","-4.4","r,0407","-6.9","r,0326","-14.6","r,0315","    5073.5","5","    5073.5","r","   1334.2"," ,r","      4.34","r","      6.91","r","      1.78","r"
"RSM00032165","1987","44.0167","145.8667","44.0","JUZHNO KURILSK, RS","      3.4","","       3.4","r","       204","r","        80","r","        13","r","         0","r","       151","r","        83","r","         7","r","         0","r","  -15.1","r,0220, ","  76.8"," ,r,1018, ","   25.1","r,0901, ","-1.4","r,1119","-2.9","r,1120","-7.0","r,1128","-7.0","r,1128","-10.0","r,1218","-0.6","r,0504","-3.3","r,0413","-4.8","r,0409","-7.3","r,0401","-9.5","r,0313","    4950.7","7","    4950.7","r","   1258.6"," ,r","      4.82","r","      7.34","r","      2.30","r"
"RSM00032165","1988","44.0167","145.8667","44.0","JUZHNO KURILSK, RS","      0.7","","       0.7","r","       200","r","        74","r","        11","r","         0","r","       156","r","        78","r","         3","r","         0","r","  -15.7","r,0218, ","  66.6"," ,r,0731, ","   23.1","r,0804, ","0.0","r,1107","-4.3","r,1111","-5.0","r,1221","-8.1","r,1225","","","-0.7","r,0525","-2.5","r,0425","-4.7","r,0408","-9.3","r,0316","-9.3","r,0316","    5015.2","2","    5015.2","r","   1117.3"," ,r","      4.41","r","      6.81","r","      2.02","r"
"RSM00032165","1989","44.0167","145.8667","44.0","JUZHNO KURILSK, RS","     16.0","","      16.0","r","       190","r","        87","r","        15","r","         0","r","       142","r","        41","r","        14","r","         0","r","  -10.7","r,0222,+","  72.5"," ,r,0710, ","   25.4","r,0804, ","-1.0","r,1124","-3.2","r,1210","-5.9","r,1218","-10.1","r,1219","-10.1","r,1219","-0.1","r,0512","-2.3","r,0429","-5.5","r,0310","-7.2","r,0307","-8.9","r,0223","    4838.9","9","    4838.9","r","   1466.2"," ,r","      5.87","r","      8.23","r","      3.51","r"
"RSM00032165","1990","44.0167","145.8667","44.0","JUZHNO KURILSK, RS","     11.9","","      11.9","r","       187","r","        89","r","        16","r","         0","r","       122","r","        45","r","        11","r","         0","r","  -11.8","r,0131, ","  72.9"," ,r,1110, ","   25.4","r,0821, ","-0.3","r,1118","-2.4","r,1212","-4.5","r,1217","","","","","-0.7","r,0504","-2.3","r,0415","-6.3","r,0406","-7.7","r,0314","-8.9","r,0210","    4436.7","7","    4436.7","r","   1428.5"," ,r","      6.73","r","      9.32","r","      4.14","r"
"RSM00032165","1991","44.0167","145.8667","44.0","JUZHNO KURILSK, RS","      3.4","","       3.4","r","       182","r","        81","r","         8","r","         0","r","       138","r","        61","r","         5","r","         0","r","  -10.1","r,0315, ","  47.7"," ,r,0906, ","   25.4","r,0904, ","-1.2","r,1105","-3.6","r,1106","-6.4","r,1125","-6.8","r,1210","","","-0.2","r,0504","-3.2","r,0402","-4.6","r,0327","-8.1","r,0316","-10.1","r,0315","    4137.9","9","    4137.9","r","   1054.5"," ,r","      5.97","r","      8.39","r","      3.55","r"
"RSM00032165","1992","44.0167","145.8667","44.0","JUZHNO KURILSK, RS","      8.1","","       8.1","r","       204","r","        87","r","        17","r","         0","r","       152","r","        68","r","         8","r","         0","r","  -12.1","r,0206, "," 104.4"," ,r,0911, ","   24.5","r,0901, ","-0.6","r,1107","-2.5","r,1119","-5.1","r,1221","","","","","-0.5","r,0507","-3.9","r,0412","-4.8","r,0408","-9.1","r,0318","-9.1","r,0318","    4770.4","4","    4770.4","r","   1513.7"," ,r","      5.34","r","      7.82","r","      2.86","r"
"RSM00032165","1993","44.0167","145.8667","44.0","JUZHNO KURILSK, RS","      0.4","","       0.4","r","       185","r","        80","r","        12","r","         0","r","       152","r","        67","r","         3","r","         0","r","   -9.7","r,0329, ","  64.2"," ,r,0828, ","   22.8","r,0830, ","-0.2","r,1107","-2.4","r,1120","-4.9","r,1206","-7.4","r,1215","","","-0.1","r,0517","-3.2","r,0420","-5.6","r,0413","-7.1","r,0330","-9.7","r,0329","    4780.3","3","    4780.3","r","   1146.2"," ,r","      5.14","r","      7.34","r","      2.94","r"
"RSM00032165","1994","44.0167","145.8667","44.0","JUZHNO KURILSK, RS","     57.6","","      57.6","r","       194","r","        94","r","        12","r","         0","r","       147","r","        75","r","        28","r","         0","r","  -12.2","r,0129, ","  72.4"," ,r,1029, ","   30.5","r,0807, ","-2.7","r,1108","-2.7","r,1108","-5.8","r,1210","-9.3","r,1216","-9.3","r,1216","-2.6","r,0503","-2.6","r,0503","-5.0","r,0401","-9.7","r,0305","-9.7","r,0305","    4682.1","1","    4682.1","r","   1303.3"," ,r","      6.07","r","      8.62","r","      3.52","r"
"RSM00032165","1995","44.0167","145.8667","44.0","JUZHNO KURILSK, RS","      7.6","","       7.6","r","       234","r","       114","r","         6","r","         0","r","       130","r","        63","r","         8","r","         0","r","  -11.6","r,0115, ","  44.2"," ,r,0419, ","   26.6","r,0726, ","-0.9","r,1118","-2.6","r,1209","-4.5","r,1214","-7.0","r,1219","","","-1.2","r,0428","-3.2","r,0414","-4.4","r,0329","-7.1","r,0327","-10.5","r,0305","    4507.3","3","    4507.3","r","   1271.5"," ,r","      6.03","r","      8.38","r","      3.68","r"
"RSM00032165","1996","44.0167","145.8667","44.0","JUZHNO KURILSK, RS","      1.0","","       1.0","r","       213","r","        98","r","        11","r","         0","r","       159","r","        61","r","         3","r","         0","r","  -14.8","r,0220, ","  69.5"," ,r,0712, ","   23.5","r,0727, ","-0.7","r,1107","-2.3","r,1112","-5.8","r,1113","-7.7","r,1220","","","-0.7","r,0518","-2.4","r,0418","-4.4","r,0413","-8.2","r,0313","-10.9","r,0311","    4677.3","3","    4677.3","r","   1269.9"," ,r","      4.99","r","      7.43","r","      2.55","r"
"RSM00032165","1997","44.0167","145.8667","44.0","JUZHNO KURILSK, RS","      0.1","","       0.1","r","       202","r","       100","r","        14","r","         0","r","       135","r","        61","r","         7","r","         0","r","  -10.9","r,0213, ","  79.9"," ,r,0605, ","   24.4","r,0804, ","-0.2","r,1128","-4.9","r,1202","-4.9","r,1202","-7.3","r,1203","","","0.0","r,0510","-3.0","r,0425","-5.3","r,0326","-8.9","r,0325","-8.9","r,0325","    4793.2","2","    4793.2","r","   1329.4"," ,r","      5.37","r","      7.79","r","      2.94","r"
"RSM00032165","1998","44.0167","145.8667","44.0","JUZHNO KURILSK, RS","      1.4","","       1.4","r","       200","r","        92","r","        14","r","         0","r","       148","r","        78","r","         3","r","         0","r","  -15.9","r,0222, ","  92.8"," ,r,0916, ","   21.6","r,0915, ","-1.5","r,1112","-2.7","r,1120","-7.0","r,1202","-7.0","r,1202","","","0.0","r,0511","-4.0","r,0427","-4.6","r,0409","-7.7","r,0316","-9.2","r,0310","    4736.7","7","    4736.7","r","   1467.3"," ,r","      5.27","r","      7.73","r","      2.80","r"
"RSM00032165","1999","44.0167","145.8667","44.0","JUZHNO KURILSK, RS","     52.4","","      52.4","r","       190","r","        89","r","        12","r","         0","r","       151","r","        83","r","        29","r","         0","r","  -14.8","r,0220, ","  66.7"," ,r,0702, ","   27.2","r,0810, ","-0.9","r,1116","-2.6","r,1117","-6.1","r,1203","-7.5","r,1212","","","-1.8","r,0501","-4.5","r,0430","-4.5","r,0430","-9.9","r,0330","-9.9","r,0330","    4733.8","8","    4733.8","r","   1213.5"," ,r","      5.86","r","      8.47","r","      3.25","r"
"RSM00032165","2000","44.0167","145.8667","44.0","JUZHNO KURILSK, RS","     12.2","","      12.2","r","       206","r","        88","r","        17","r","         0","r","       157","r","        85","r","        12","r","         0","r","  -13.5","r,0126, ","  80.7"," ,r,0114, ","   25.9","r,0803, ","-1.1","r,1109","-2.4","r,1116","-7.2","r,1129","-7.2","r,1129","-9.0","r,1212","-1.0","r,0504","-3.0","r,0501","-5.3","r,0402","-9.8","r,0323","-9.8","r,0323","    4664.1","1","    4664.1","r","   1344.8"," ,r","      5.21","r","      7.58","r","      2.85","r"
"RSM00032165","2001","44.0167","145.8667","44.0","JUZHNO KURILSK, RS","      0.8","","       0.8","r","       190","r","        82","r","         9","r","         0","r","       148","r","        92","r","         3","r","         0","r","  -17.2","r,0215, "," 112.7"," ,r,0912, ","   23.5","r,0824, ","-1.1","r,1114","-5.2","r,1127","-5.2","r,1127","-7.0","r,1215","-8.9","r,1222","-0.9","r,0505","-2.5","r,0408","-5.0","r,0402","-7.1","r,0316","-12.9","r,0314","    4894.9","9","    4894.9","r","   1115.6"," ,r","      4.38","r","      6.95","r","      1.81","r"
"RSM00032165","2002","44.0167","145.8667","44.0","JUZHNO KURILSK, RS","      1.8","","       1.8","r","       185","r","        89","r","        10","r","         0","r","       140","r","        72","r","         6","r","         0","r","  -10.2","r,0308, ","  52.9"," ,r,0806, ","   24.1","r,0829, ","-1.4","r,1114","-2.9","r,1116","-5.8","r,1122","-7.1","r,1208","-9.0","r,1212","-0.1","r,0429","-2.9","r,0408","-5.0","r,0325","-7.8","r,0309","-10.2","r,0308","    4699.1","1","    4699.1","r","   1127.6"," ,r","      5.22","r","      7.65","r","      2.78","r"
"RSM00032165","2003","44.0167","145.8667","44.0","JUZHNO KURILSK, RS","      0.2","","       0.2","r","       166","r","        76","r","        13","r","         0","r","       141","r","        78","r","         3","r","         0","r","  -16.0","r,0220, ","  91.1"," ,r,0914, ","   23.7","r,0823, ","-0.1","r,1113","-2.6","r,1127","-5.0","r,1205","","","","","-3.3","r,0422","-3.3","r,0422","-4.4","r,0401","-9.8","r,0322","-9.8","r,0322","    5033.8","8","    5033.8","r","   1274.3"," ,r","      4.86","r","      7.41","r","      2.30","r"
"RSM00032165","2004","44.0167","145.8667","44.0","JUZHNO KURILSK, RS","     24.4","","      24.4","r","       170","r","        82","r","         7","r","         0","r","       146","r","        53","r","        22","r","         0","r","  -11.4","r,0224, ","  65.4"," ,r,0504, ","   25.6","r,0810,+","-0.2","r,1116","-3.1","r,1128","-5.5","r,1129","-7.8","r,1229","-9.0","r,1230","-0.1","r,0506","-3.1","r,0424","-5.2","r,0403","-10.1","r,0308","-10.1","r,0308","    4594.3","3","    4594.3","r","   1012.8"," ,r","      6.65","r","      9.31","r","      4.00","r"
"RSM00032165","2005","44.0167","145.8667","44.0","JUZHNO KURILSK, RS","     17.4","","      17.4","r","       202","r","       106","r","         8","r","         0","r","       149","r","        71","r","        11","r","         0","r","  -14.6","r,0219, ","  68.6"," ,r,0727, ","   27.2","r,0806, ","-0.3","r,1116","-2.3","r,1204","-6.4","r,1211","-7.5","r,1228","","","-0.5","r,0514","-4.0","r,0405","-4.9","r,0326","-7.6","r,0314","-9.0","r,0311","    4518.5","5","    4518.5","r","   1187.5"," ,r","      5.69","r","      8.08","r","      3.30","r"
"RSM00032165","2006","44.0167","145.8667","44.0","JUZHNO KURILSK, RS","     15.7","","      15.7","r","       214","r","        95","r","        11","r","         0","r","       145","r","        72","r","        13","r","         0","r","  -13.2","r,0212, ","  96.2"," ,r,1112, ","   24.8","r,0813, ","-0.5","r,1118","-2.9","r,1201","-4.5","r,1206","-6.7","r,1231","","","-1.1","r,0508","-3.3","r,0415","-5.1","r,0315","-7.6","r,0304","-9.6","r,0218","    4589.8","8","    4589.8","r","   1310.0"," ,r","      5.66","r","      7.99","r","      3.32","r"
"RSM00032165","2007","44.0167","145.8667","44.0","JUZHNO KURILSK, RS","     24.8","","      24.8","r","       178","r","        69","r","         8","r","         0","r","       152","r","        57","r","        18","r","         0","r","  -10.4","r,0210, "," 103.8"," ,r,0722, ","   30.3","r,0815, ","-0.4","r,1110","-4.6","r,1119","-4.6","r,1119","","","","","-0.5","r,0501","-3.3","r,0418","-4.4","r,0416","-8.5","r,0305","-10.4","r,0210","    4512.8","8","    4512.8","r","   1109.3"," ,r","      5.81","r","      8.27","r","      3.35","r"
"RSM00032165","2008","44.0167","145.8667","44.0","JUZHNO KURILSK, RS","     10.3","","      10.3","r","       180","r","        74","r","         7","r","         0","r","       137","r","        69","r","        10","r","         0","r","  -12.1","r,0201, ","  73.6"," ,r,0506, ","   25.4","r,0807, ","0.0","r,1108","-2.9","r,1120","-5.5","r,1214","","","","","-0.8","r,0512","-2.6","r,0413","-4.6","r,0331","-7.6","r,0229","-9.4","r,0228","    4657.0","0","    4657.0","r","    910.3"," ,r","      5.88","r","      8.36","r","      3.40","r"
"RSM00032165","2009","44.0167","145.8667","44.0","JUZHNO KURILSK, RS","      2.9","","       2.9","r","       205","r","        93","r","        22","r","         0","r","       141","r","        49","r","         7","r","         0","r","  -10.0","r,0219, ","  74.0"," ,r,0422, ","   25.0","r,0709, ","-2.4","r,1103","-2.4","r,1103","-4.5","r,1212","","","","","-0.1","r,0515","-2.4","r,0403","-4.9","r,0321","-9.2","r,0303","-9.2","r,0303","    4357.8","8","    4357.8","r","   1732.0"," ,r","      5.97","r","      8.35","r","      3.59","r"
"RSM00032165","2010","44.0167","145.8667","44.0","JUZHNO KURILSK, RS","     57.5","","      57.5","r","       190","r","        97","r","        12","r","         0","r","       130","r","        50","r","        32","r","         0","r","  -12.9","r,0217, ","  77.1"," ,r,0507, ","   30.1","r,0807, ","-0.1","r,1127","-2.8","r,1211","-4.4","r,1215","","","","","-1.5","r,0515","-2.5","r,0427","-5.6","r,0330","-7.4","r,0309","-12.9","r,0217","    4598.5","5","    4598.5","r","   1380.6"," ,r","      6.64","r","      9.22","r","      4.05","r"
"RSM00032165","2011","44.0167","145.8667","44.0","JUZHNO KURILSK, RS","     40.6","","      40.6","r","       203","r","        86","r","        10","r","         0","r","       142","r","        74","r","        23","r","         0","r","  -11.7","r,0131, ","  59.8"," ,r,0428, ","   29.1","r,0811, ","-0.7","r,1117","-4.4","r,1130","-4.4","r,1130","","","","","0.0","r,0504","-2.9","r,0405","-4.8","r,0328","-7.0","r,0317","-9.4","r,0301","    4353.6","6","    4353.6","r","   1089.5"," ,r","      6.10","r","      8.50","r","      3.70","r"
"RSM00032165","2012","44.0167","145.8667","44.0","JUZHNO KURILSK, RS","     36.3","","      36.3","r","       224","r","       109","r","        14","r","         0","r","       145","r","        86","r","        19","r","         0","r","  -13.8","r,0213, ","  61.0"," ,r,1001, ","   26.6","r,0831, ","-0.3","r,1119","-2.3","r,1128","-4.9","r,1202","-8.5","r,1224","-9.4","r,1225","-0.3","r,0521","-2.5","r,0416","-4.8","r,0408","-8.3","r,0402","-8.9","r,0319","    4663.3","3","    4663.3","r","   1458.7"," ,r","      5.53","r","      7.82","r","      3.23","r"
"RSM00032165","2013","44.0167","145.8667","44.0","JUZHNO KURILSK, RS","      7.7","","       7.7","E","       226","E","       109","E","        14","E","         0","E","       138","E","        65","E","        10","E","         0","E","  -12.8","E,0118, "," 128.5"," ,E,0917, ","   23.0","E,0821, ","-1.1","E,1112","-4.4","E,1213","-4.4","E,1213","","","","","0.0","r,0512","-3.3","r,0401","-5.4","r,0327","-6.8","r,0317","-11.1","r,0311","    4667.5","5","    4667.5","E","   1805.7"," ,E","      5.72","E","      7.91","E","      3.53","E"
"RSM00032165","2014","44.0167","145.8667","44.0","JUZHNO KURILSK, RS","     10.8","","      10.8","E","       204","E","        89","E","        13","E","         0","E","       143","E","        85","E","        11","E","         0","E","  -12.2","E,0209, "," 145.0"," ,E,0711, ","   23.6","E,0725, ","-0.5","E,1126","-2.8","E,1205","-4.5","E,1206","-6.7","E,1223","","","-0.1","E,0524","-2.8","E,0420","-5.3","E,0323","-7.9","E,0320","-12.2","E,0209","    4486.2","2","    4486.2","E","   1585.4"," ,E","      5.80","E","      8.20","E","      3.41","E"
"RSM00032165","2015","44.0167","145.8667","44.0","JUZHNO KURILSK, RS","      2.3","","       2.3","E","       197","E","        97","E","        17","E","         0","E","       133","E","        49","E","         9","E","         0","E","   -9.3","E,0211, "," 105.2"," ,E,0920, ","   24.0","E,0805, ","0.0","E,1026","-2.2","E,1208","-5.4","E,1219","-7.1","E,1227","","","-0.1","E,0419","-3.8","E,0402","-4.7","E,0306","-7.5","E,0222","-9.3","E,0211","    4286.0","0","    4286.0","E","   1514.4"," ,E","      6.37","E","      8.74","E","      4.00","E"
"RSM00032165","2016","44.0167","145.8667","44.0","JUZHNO KURILSK, RS","      1.1","","       1.1","E","       229","E","       107","E","        18","E","         0","E","       157","E","        78","E","         4","E","         0","E","  -11.6","E,0225, ","  97.6"," ,E,0821, ","   23.0","E,0926, ","-0.3","E,1025","-3.5","E,1027","-6.7","E,1123","-6.7","E,1123","","","-0.2","E,0501","-2.4","E,0412","-4.4","E,0321","-7.8","E,0306","-9.2","E,0229","    4602.8","8","    4602.8","E","   1817.2"," ,E","      5.01","E","      7.33","E","      2.68","E"
"RSM00032165","2017","44.0167","145.8667","44.0","JUZHNO KURILSK, RS","      6.9","","       6.9","E","       185","E","        83","E","        11","E","         0","E","       154","E","        83","E","        12","E","         0","E","  -10.9","E,0124, ","  55.4"," ,E,0622, ","   24.4","E,0709, ","-0.4","E,1118","-3.7","E,1120","-5.0","E,1130","-7.0","E,1220","","","-0.5","E,0513","-3.1","E,0413","-8.0","E,0401","-8.0","E,0401","-9.8","E,0221","    4915.4","4","    4915.4","E","   1129.6"," ,E","      5.36","E","      7.78","E","      2.93","E"
"RSM00032165","2018","44.0167","145.8667","44.0","JUZHNO KURILSK, RS","      8.9","","       8.9","E","       201","E","        93","E","        13","E","         0","E","       134","E","        61","E","        11","E","         0","E","  -12.6","E,0219, ","  54.8"," ,E,1001, ","   27.5","E,0801, ","-2.4","E,1123","-2.4","E,1123","-5.9","E,1208","-7.0","E,1227","","","-0.8","E,0509","-2.2","E,0413","-4.6","E,0324","-6.9","E,0323","-10.3","E,0228","    4582.0","0","    4582.0","E","   1231.1"," ,E","      6.01","E","      8.60","E","      3.41","E"
"RSM00032165","2019","44.0167","145.8667","44.0","JUZHNO KURILSK, RS","","","","","       179","S","        70","S","         9","S","","","","","","","","","","","",""," 110.0"," ,S,0823, ","","","","","","","","","","","","","","","","","","","","","","","    4475.7","7","    4475.7"," ","   1164.4"," ,S","","","","","",""
"RSM00032165","2020","44.0167","145.8667","44.0","JUZHNO KURILSK, RS","","","","","       193","S","        83","S","         9","S","","","","","","","","","","","","","  55.4"," ,S,1028, ","","","","","","","","","","","","","","","","","","","","","","","","","","","   1052.1"," ,S","","","","","",""
"RSM00032165","2022","44.0167","145.8667","44.0","JUZHNO KURILSK, RS","","","","","       183","S","        84","S","        12","S","","","","","","","","","","","","","  79.0"," ,S,0827, ","","","","","","","","","","","","","","","","","","","","","","","","","","","   1113.0"," ,S","","","","","",""
