"STATION","DATE","LATITUDE","LONGITUDE","ELEVATION","NAME","CDSD","CDSD_ATTRIBUTES","CLDD","CLDD_ATTRIBUTES","DP01","DP01_ATTRIBUTES","DP10","DP10_ATTRIBUTES","DP1X","DP1X_ATTRIBUTES","DSND","DSND_ATTRIBUTES","DSNW","DSNW_ATTRIBUTES","DT00","DT00_ATTRIBUTES","DT32","DT32_ATTRIBUTES","DX32","DX32_ATTRIBUTES","DX70","DX70_ATTRIBUTES","DX90","DX90_ATTRIBUTES","DYFG","DYFG_ATTRIBUTES","DYTS","DYTS_ATTRIBUTES","EMNT","EMNT_ATTRIBUTES","EMSD","EMSD_ATTRIBUTES","EMSN","EMSN_ATTRIBUTES","EMXP","EMXP_ATTRIBUTES","EMXT","EMXT_ATTRIBUTES","FZF0","FZF0_ATTRIBUTES","FZF1","FZF1_ATTRIBUTES","FZF2","FZF2_ATTRIBUTES","FZF3","FZF3_ATTRIBUTES","FZF4","FZF4_ATTRIBUTES","FZF5","FZF5_ATTRIBUTES","FZF6","FZF6_ATTRIBUTES","FZF7","FZF7_ATTRIBUTES","FZF8","FZF8_ATTRIBUTES","FZF9","FZF9_ATTRIBUTES","HDSD","HDSD_ATTRIBUTES","HTDD","HTDD_ATTRIBUTES","PRCP","PRCP_ATTRIBUTES","SNOW","SNOW_ATTRIBUTES","TAVG","TAVG_ATTRIBUTES","TMAX","TMAX_ATTRIBUTES","TMIN","TMIN_ATTRIBUTES"
"USC00479236","1934","45.70871","-89.8483","467.0","WILLOW RESERVOIR, WI US","","","","","","","","","","","","","","","","","","","","","","","","","         2"," ","","","","","","","","","","","","","","","","","","","","","","","","","","","","","","","","","","","","","","","","","","","","","",""
"USC00479236","1935","45.70871","-89.8483","467.0","WILLOW RESERVOIR, WI US","    225.0","","     225.0","6","       113","6","        64","6","         8","6","","","","","        25","6","       203","6","        74","6","       102","6","        13","6","","","","","  -37.2","6,0123, ","","","","","  77.5"," ,6,0701, ","   36.7","6,0704, ","-1.1","6,0901","-3.9","6,0910","-4.4","6,0927","-7.2","6,1006","-12.8","6,1112","-1.1","6,0524","-2.2","6,0523","-5.6","6,0504","-7.2","6,0417","-12.2","6,0415","    4891.3","3","    4891.3","6","    827.9"," ,6","","","      5.14","6","     11.38","6","     -1.11","6"
"USC00479236","1936","45.70871","-89.8483","467.0","WILLOW RESERVOIR, WI US","    265.3","","     265.3","6","","","","","","","","","","","        49","6","       182","6","        91","6","       123","6","        19","6","","","","","  -38.9","6,0216, ","","","","","","","   44.4","6,0713, ","-2.2","6,0917","-2.2","6,0917","-4.4","6,1003","-6.7","6,1011","-14.4","6,1023","-2.8","6,0514","-2.8","6,0514","-4.4","6,0426","-7.8","6,0424","-11.7","6,0422","    4973.1","1","    4973.1","6","","","","","      4.90","6","     11.32","6","     -1.51","6"
"USC00479236","1937","45.70871","-89.8483","467.0","WILLOW RESERVOIR, WI US","    249.1","","     249.1","6","","","","","","","","","","","        54","6","       192","6","        96","6","       104","6","         6","6","","","","","  -35.6","6,0124,+","","","","","","","   35.6","6,0711, ","-1.7","6,0913","-5.0","6,1012","-5.0","6,1012","-7.2","6,1103","-8.9","6,1117","-2.2","6,0609","-2.2","6,0609","-6.1","6,0514","-7.2","6,0510","-8.9","6,0411","    5215.0","0","    5215.0","6","","","","","      4.31","6","     10.37","6","     -1.76","6"
"USC00479236","1938","45.70871","-89.8483","467.0","WILLOW RESERVOIR, WI US","","","","","","","","","","","","","","","","","","","        75","6","       100","6","         1","6","","","","","","","","","","","","","   32.2","6,0622, ","","","","","","","","","","","","","","","","","","","","","    4671.5","5","    4671.5","6","","","","","","","     11.54","6","",""
"USC00479236","1940","45.70871","-89.8483","467.0","WILLOW RESERVOIR, WI US","","","","","       106","6","        66","6","         8","6","","","","","        51","6","       185","6","        96","6","        96","6","         3","6","","","","","  -38.9","6,0225, ","","","","","  35.8"," ,6,0816, ","   33.3","6,0721, ","-1.7","6,0823","-3.9","6,0926","-6.1","6,1024","-7.8","6,1107","-8.9","6,1108","-1.1","6,0622","-2.8","6,0621","-8.9","6,0504","-8.9","6,0504","-8.9","6,0504","","","","","    794.4"," ,6","","","      3.98","6","     10.04","6","     -2.08","6"
"USC00479236","1942","45.70871","-89.8483","467.0","WILLOW RESERVOIR, WI US","    118.4","","     118.4","6","","","","","","","","","","","        32","6","       189","6","        79","6","       110","6","         2","6","","","","","  -33.3","6,0220, ","","","","","","","   33.3","6,0821, ","-1.1","6,0824","-2.8","6,0928","-4.4","6,1024","-6.7","6,1026","-11.1","6,1028","-0.6","6,0614","-2.2","6,0522","-5.0","6,0510","-7.2","6,0419","-11.7","6,0412","    4350.6","6","    4350.6","6","","","","","      5.04","6","     10.79","6","     -0.72","6"
"USC00479236","1943","45.70871","-89.8483","467.0","WILLOW RESERVOIR, WI US","","","","","","","","","","","","","","","","","","","       102","6","       104","6","         3","6","","","","","","","","","","","","","   32.8","6,0725,+","","","","","","","","","","","","","","","","","","","","","    5387.7","7","    5387.7","6","","","","","","","      9.97","6","",""
"USC00479236","1944","45.70871","-89.8483","467.0","WILLOW RESERVOIR, WI US","    172.1","","     172.1","6","       112","6","        61","6","         4","6","","","","","        28","6","       188","6","        89","6","       115","6","         4","6","","","","","  -32.2","6,0319, ","","","","","  35.1"," ,6,0618, ","   33.9","6,0810, ","0.0","6,0825","-2.2","6,0908","-4.4","6,1011","-10.0","6,1015","-10.0","6,1015","-1.1","6,0607","-2.2","6,0510","-5.0","6,0428","-6.7","6,0419","-8.9","6,0417","","","","","    598.3"," ,6","","","      5.69","6","     11.40","6","     -0.02","6"
"USC00479236","1945","45.70871","-89.8483","467.0","WILLOW RESERVOIR, WI US","    113.3","","     113.3","6","       117","6","        74","6","         6","6","","","","","        44","6","       203","6","        96","6","        93","6","         2","6","","","","","  -32.8","6,0307,+","","","","","  54.6"," ,6,0602, ","   33.3","6,0723, ","-0.6","6,0913","-2.8","6,0916","-6.7","6,0929","-6.7","6,0929","-12.8","6,1110","0.0","6,0626","-2.2","6,0605","-6.7","6,0514","-6.7","6,0514","-9.4","6,0415","    4969.2","2","    4969.2","6","    864.3"," ,6","","","      4.23","6","     10.28","6","     -1.83","6"
"USC00479236","1946","45.70871","-89.8483","467.0","WILLOW RESERVOIR, WI US","","","","","","","","","","","","","","","        29","6","       174","6","        82","6","       106","6","         0","6","","","","","  -33.9","6,1231,+","","","","","","","   31.7","6,0731, ","-2.8","6,0903","-2.8","6,0903","-5.6","6,1001","-8.3","6,1013","-8.9","6,1117","-2.2","6,0604","-2.2","6,0604","-8.3","6,0427","-8.3","6,0427","-9.4","6,0416","    4925.8","8","    4925.8","6","","","","","      5.69","6","     11.99","6","     -0.62","6"
"USC00479236","1947","45.70871","-89.8483","467.0","WILLOW RESERVOIR, WI US","    266.6","","     266.6","6","","","","","","","","","","","        36","6","       192","6","        95","6","       115","6","        14","6","","","","","  -33.9","6,0101, ","","","","","","","   37.8","6,0804, ","-1.7","6,0922","-7.8","6,0925","-7.8","6,0925","-7.8","6,0925","-10.0","6,1110","-1.1","6,0616","-5.0","6,0510","-5.0","6,0510","-8.9","6,0509","-8.9","6,0509","","","","","","","","","      5.01","6","     11.08","6","     -1.07","6"
"USC00479236","1948","45.70871","-89.8483","467.0","WILLOW RESERVOIR, WI US","","","","","        99","0","        57","0","         3","0","","","        21","0","        51","0","       197","0","","","","","","","        23"," ","         7"," ","  -34.4","0,0311,+","","","   152"," ,0,1120, ","  40.9"," ,0,0901, ","","","0.0","0,0914","-2.8","0,0923","-6.7","0,1003","-6.7","0,1003","-10.0","0,1018","-1.1","0,0701","-2.8","0,0529","-5.6","0,0421","-7.2","0,0417","-11.1","0,0403","    4942.9","9","    4942.9","0","    554.0"," ,0","      969"," ,0","","","","","     -2.20","0"
"USC00479236","1949","45.70871","-89.8483","467.0","WILLOW RESERVOIR, WI US","","","","","","","","","","","","","","","","","","","","","","","","","        26"," ","        18"," ","","","","","","","","","","","","","","","","","","","","","","","","","","","","","","","","","","","","","","","","","","","",""
"USC00479236","1950","45.70871","-89.8483","467.0","WILLOW RESERVOIR, WI US","","","","","","","","","","","      167","","        28","0","        60","0","       203","0","","","","","","","        20"," ","         3"," ","  -40.0","0,0130, ","   813"," ,0,0127,+","   279"," ,0,0113, ","","","","","-1.1","0,0818","-5.0","0,0924","-5.0","0,0924","-6.7","0,1110","-12.8","0,1111","0.0","0,0617","-2.8","0,0527","-5.0","0,0513","-8.3","0,0421","-12.2","0,0415","    5316.3","3","    5316.3","0","    677.8"," ,0","     2415"," ,0","","","","","     -3.30","0"
"USC00479236","1951","45.70871","-89.8483","467.0","WILLOW RESERVOIR, WI US","     92.0","","      92.0","0","        97","0","        62","0","        11","0","      158","","        17"," ","        49","0","       182","0","       102","0","       105","0","         0","0","        49"," ","         5"," ","  -40.6","0,0130, ","   635"," ,0,0319,+","   239"," , ,0318, ","  79.0"," ,0,0926, ","   30.0","0,0729,+","-0.6","0,0907","-3.3","0,0929","-5.6","0,1027","-12.2","0,1101","-12.2","0,1101","-1.1","0,0605","-5.0","0,0511","-5.0","0,0511","-6.7","0,0510","-10.0","0,0420","","","","","   1044.5"," ,0","     1692"," , ","      4.00","0","      9.86","0","     -1.87","0"
"USC00479236","1952","45.70871","-89.8483","467.0","WILLOW RESERVOIR, WI US","    169.8","","     169.8","0","        80","0","        52","0","         4","0","","","","","        34","0","       199","0","        72","0","       126","0","         0","0","        39"," ","        12"," ","  -34.4","0,0124, ","","","","","  43.9"," ,0,0803, ","   31.1","0,0912,+","-1.1","0,0924","-5.6","0,1003","-5.6","0,1003","-11.1","0,1017","-11.1","0,1017","-1.1","0,0521","-3.3","0,0516","-5.6","0,0424","-20.0","0,0411","-20.0","0,0411","    5027.5","5","    5027.5","0","    659.8"," ,0","","","      5.74","0","     12.41","0","     -0.93","0"
"USC00479236","1953","45.70871","-89.8483","467.0","WILLOW RESERVOIR, WI US","","","","","        88","0","        59","0","         2","0","","","","","","","","","","","","","","","        26"," ","        12"," ","","","","","","","  51.8"," ,0,0620, ","","","","","","","","","","","","","","","","","","","","","","","    4741.0","0","    4741.0","0","    630.0"," ,0","","","","","","","",""
"USC00479236","1954","45.70871","-89.8483","467.0","WILLOW RESERVOIR, WI US","","","","","        95","0","        69","0","         6","0","","","","","","","","","        76","0","       102","0","         2","0","         3"," ","         1"," ","","","","","","","  49.8"," ,0,0809, ","   34.4","0,0713, ","","","","","","","","","","","","","","","","","","","","","","","","","    770.8"," ,0","","","","","     11.51","0","",""
"USC00479236","1955","45.70871","-89.8483","467.0","WILLOW RESERVOIR, WI US","    244.1","","     244.1","0","       118","0","        66","0","         4","0","","","","","        55","0","       179","0","       110","0","       128","0","         8","0","         3"," ","         4"," ","  -32.2","0,0127, ","","","","","  35.1"," ,0,0528, ","   36.1","0,0726, ","-3.9","0,0912","-3.9","0,0912","-4.4","0,1001","-7.8","0,1104","-13.3","0,1114","0.0","0,0530","-5.6","0,0517","-5.6","0,0517","-6.7","0,0407","-17.2","0,0329","","","","","    706.3"," ,0","","","      5.03","0","     11.60","0","     -1.54","0"
"USC00479236","1956","45.70871","-89.8483","467.0","WILLOW RESERVOIR, WI US","    105.7","","     105.7","0","       111","0","        61","0","         6","0","      146","","        14","0","        54","0","       189","0","       102","0","       115","0","         4","0","        51"," ","        54"," ","  -32.8","0,0121, ","   559"," ,0,0319,+","   152"," ,0,1121, ","  40.1"," ,0,0708, ","   35.0","0,0610, ","-1.7","0,0918","-2.8","0,0920","-7.8","0,1010","-7.8","0,1010","-8.9","0,1110","-2.8","0,0602","-2.8","0,0602","-7.2","0,0524","-7.2","0,0524","-10.0","0,0424","    5117.7","7","    5117.7","0","    687.6"," ,0","      820"," ,0","      4.83","0","     11.33","0","     -1.68","0"
"USC00479236","1957","45.70871","-89.8483","467.0","WILLOW RESERVOIR, WI US","    154.2","","     154.2","0","       112","0","        60","0","         5","0","      160","","        19","0","        46","0","       193","0","        94","0","       121","0","         6","0","        51"," ","        40"," ","  -31.7","0,0116, ","   457"," ,0,0223, ","   305"," ,0,1119, ","  68.6"," ,0,0831, ","   34.4","0,0719, ","-4.4","0,0905","-4.4","0,0905","-4.4","0,0905","-6.7","0,1020","-8.9","0,1109","-2.2","0,0602","-2.2","0,0602","-6.7","0,0516","-6.7","0,0516","-10.6","0,0414","    4944.5","5","    4944.5","0","    682.1"," ,0","     1143"," ,0","      4.75","0","     11.23","0","     -1.74","0"
"USC00479236","1958","45.70871","-89.8483","467.0","WILLOW RESERVOIR, WI US","     97.6","","      97.6","0","       102","0","        53","0","         6","0","","","","","        44","0","       188","0","        85","0","       106","0","         0","0","        44"," ","        40"," ","  -31.1","0,1221,+","","","","","  95.5"," ,0,0701, ","   31.7","0,0809, ","0.0","0,0816","-2.2","0,1005","-5.0","0,1018","-7.8","0,1107","-10.0","0,1112","-1.1","0,0617","-5.0","0,0614","-5.0","0,0614","-7.8","0,0429","-8.9","0,0409","    4953.9","9","    4953.9","0","    728.3"," ,0","","","      4.67","0","     10.97","0","     -1.62","0"
"USC00479236","1959","45.70871","-89.8483","467.0","WILLOW RESERVOIR, WI US","    223.5","","     223.5","0","       114","0","        71","0","        12","0","      155","","        19","0","        50","0","       196","0","        90","0","       118","0","         2","0","        38"," ","        41"," ","  -35.6","0,0206,+","   584"," ,0,0310,+","   305"," ,0,1223, ","  70.6"," ,0,0709, ","   32.2","0,0805,+","-2.2","0,0911","-2.2","0,0911","-6.1","0,1021","-8.9","0,1106","-8.9","0,1106","-0.6","0,0524","-5.6","0,0508","-5.6","0,0508","-6.7","0,0426","-8.9","0,0421","    5178.6","6","    5178.6","0","    972.8"," ,0","     1423"," ,0","      4.65","0","     10.88","0","     -1.58","0"
"USC00479236","1960","45.70871","-89.8483","467.0","WILLOW RESERVOIR, WI US","    157.1","","     157.1","0","       143","0","        64","0","         9","0","      144","","        13","0","        46","0","       191","0","        95","0","       115","0","         0","0","        56"," ","        32"," ","  -32.8","0,0302, ","   610"," ,0,0308,+","   102"," ,0,0107, ","  81.8"," ,0,0506, ","   31.7","0,0906,+","-1.7","0,0918","-2.2","0,1007","-8.9","0,1021","-8.9","0,1021","-8.9","0,1021","0.0","0,0607","-3.9","0,0512","-8.9","0,0418","-8.9","0,0418","-8.9","0,0418","    5147.1","1","    5147.1","0","    864.3"," ,0","      961"," ,0","      4.85","0","     10.99","0","     -1.29","0"
"USC00479236","1961","45.70871","-89.8483","467.0","WILLOW RESERVOIR, WI US","    177.4","","     177.4","0","       136","0","        64","0","         5","0","      152","","        20","0","        43","0","       193","0","        70","0","       118","0","         1","0","        44"," ","        30"," ","  -31.1","0,0125, ","   610"," ,0,0309,+","   206"," ,0,0219, ","  35.6"," ,0,1001, ","   32.2","0,0630, ","0.0","0,0916","-3.3","0,0926","-5.0","0,1002","-7.8","0,1027","-13.9","0,1109","-1.7","0,0530","-2.2","0,0523","-6.1","0,0510","-6.7","0,0504","-11.1","0,0408","    4826.0","0","    4826.0","0","    742.9"," ,0","     1589"," ,0","      5.35","0","     11.57","0","     -0.87","0"
"USC00479236","1962","45.70871","-89.8483","467.0","WILLOW RESERVOIR, WI US","    113.9","","     113.9","0","       152","0","        75","0","         3","0","      152","","        24","0","        51","0","       186","0","        89","0","       116","0","         0","0","        29"," ","        28"," ","  -40.0","0,0301, ","   940"," ,0,0315,+","   193"," ,0,0105, ","  34.3"," ,0,0823, ","   30.6","0,0628, ","0.0","0,0926","-2.2","0,0929","-7.2","0,1025","-7.2","0,1025","-13.3","0,1026","-1.7","0,0602","-7.8","0,0420","-7.8","0,0420","-7.8","0,0420","-12.8","0,0416","    5033.9","9","    5033.9","0","    697.0"," ,0","     1805"," ,0","      4.71","0","     10.57","0","     -1.17","0"
"USC00479236","1963","45.70871","-89.8483","467.0","WILLOW RESERVOIR, WI US","    156.1","","     156.1","0","       109","0","        55","0","         5","0","      120","","        11","0","        63","0","       185","0","        94","0","       128","0","         2","0","        17"," ","        26"," ","  -37.2","0,0115, ","   432"," ,0,0224,+","   102"," ,0,0320, ","  39.6"," ,0,0813, ","   35.6","0,0630, ","0.0","0,0818","-4.4","0,0913","-4.4","0,0913","-8.9","0,1104","-8.9","0,1104","0.0","0,0621","-5.6","0,0523","-5.6","0,0523","-8.3","0,0418","-21.1","0,0322","    5223.3","3","    5223.3","0","    592.0"," ,0","      783"," ,0","      4.45","0","     11.28","0","     -2.37","0"
"USC00479236","1964","45.70871","-89.8483","467.0","WILLOW RESERVOIR, WI US","    164.2","","     164.2","0","       142","0","        70","0","         5","0","      140","","        21","0","        50","0","       192","0","        93","0","       109","0","         5","0","","","","","  -31.7","0,0224, ","   356"," ,0,0312,+","   102"," ,0,1128, ","  58.9"," ,0,1113, ","   35.0","0,0802, ","0.0","0,0809","-2.8","0,0912","-5.0","0,0915","-8.9","0,1010","-8.9","0,1010","-1.7","0,0616","-3.3","0,0602","-6.7","0,0424","-6.7","0,0424","-9.4","0,0415","    4881.0","0","    4881.0","0","    776.1"," ,0","      886"," ,0","      4.89","0","     11.52","0","     -1.75","0"
"USC00479236","1965","45.70871","-89.8483","467.0","WILLOW RESERVOIR, WI US","","","","","       154","0","        74","0","         1","0","      158","","        22","0","        45","0","       191","0","","","","","","","","","        13"," ","  -35.6","0,0114, ","   914"," ,0,0401, ","   305"," ,0,0212, ","  48.0"," ,0,0516, ","","","-2.2","0,0829","-2.2","0,0829","-4.4","0,0926","-6.7","0,1004","-12.2","0,1114","-0.6","0,0614","-7.8","0,0428","-7.8","0,0428","-7.8","0,0428","-10.6","0,0403","","","","","    763.5"," ,0","     1608"," ,0","","","","","     -2.17","0"
"USC00479236","1966","45.70871","-89.8483","467.0","WILLOW RESERVOIR, WI US","","","","","       110","0","        62","0","         5","0","      138","","        18","0","        43","0","       198","0","","","","","","","","","        18"," ","  -36.1","0,0128, ","   508"," ,0,0114,+","   152"," ,0,0103, ","  82.3"," ,0,0807, ","","","-2.2","0,0926","-2.2","0,0926","-4.4","0,1012","-6.7","0,1025","-10.0","0,1103","-0.6","0,0601","-9.4","0,0510","-9.4","0,0510","-9.4","0,0510","-9.4","0,0510","","","","","    784.2"," ,0","     1307"," ,0","","","","","     -1.64","0"
"USC00479236","1967","45.70871","-89.8483","467.0","WILLOW RESERVOIR, WI US","     88.9","","      88.9","0","       121","0","        64","0","         7","0","      131","","","","        43","0","       188","0","        96","0","       109","0","         0","0","","","        20"," ","  -40.0","0,0118, ","   559"," ,0,0323,+","","","  63.5"," ,0,0827, ","   31.1","0,0720, ","-1.7","0,0910","-3.9","0,0929","-4.4","0,1019","-8.9","0,1105","-8.9","0,1105","-2.8","0,0522","-2.8","0,0522","-6.1","0,0512","-8.3","0,0425","-8.9","0,0411","    5065.1","1","    5065.1","0","    746.4"," ,0","","","      4.12","0","     10.17","0","     -1.93","0"
"USC00479236","1968","45.70871","-89.8483","467.0","WILLOW RESERVOIR, WI US","    184.1","","     184.1","0","       141","0","        80","0","        12","0","      121","","","","        44","0","       173","0","        87","0","        98","0","         1","0","","","        18"," ","  -34.4","0,0107, ","   483"," ,0,1231, ","","","  58.9"," ,0,0621, ","   32.2","0,0823, ","-3.9","0,1005","-3.9","0,1005","-5.0","0,1025","-8.9","0,1114","-8.9","0,1114","0.0","0,0521","-2.2","0,0510","-6.1","0,0505","-6.7","0,0426","-10.0","0,0405","    5089.1","1","    5089.1","0","   1082.0"," ,0","","","      5.33","0","     11.13","0","     -0.47","0"
"USC00479236","1969","45.70871","-89.8483","467.0","WILLOW RESERVOIR, WI US","    151.2","","     151.2","0","       115","0","        67","0","         3","0","","","","","        45","0","       174","0","        99","0","       101","0","         0","0","","","        14"," ","  -30.6","0,0102, ","","","","","  45.0"," ,0,0716, ","   31.7","0,0829,+","-0.6","0,0918","-2.2","0,1012","-5.0","0,1022","-12.2","0,1023","-12.2","0,1023","-0.6","0,0525","-2.2","0,0518","-6.7","0,0429","-6.7","0,0429","-10.6","0,0402","    5065.7","7","    5065.7","0","    642.3"," ,0","","","      4.68","0","     10.74","0","     -1.38","0"
"USC00479236","1970","45.70871","-89.8483","467.0","WILLOW RESERVOIR, WI US","    244.5","","     244.5","0","       125","0","        62","0","         5","0","      149","","        14","0","        55","0","       178","0","        94","0","       122","0","         5","0","","","        32"," ","  -36.1","0,0214, ","   483"," ,0,0212,+","    89"," ,0,0128, ","  47.8"," ,0,0611, ","   33.3","0,0630, ","-0.6","0,1010","-2.2","0,1015","-4.4","0,1016","-8.3","0,1115","-9.4","0,1122","0.0","0,0517","-6.1","0,0506","-6.1","0,0506","-7.8","0,0410","-11.7","0,0402","    5195.3","3","    5195.3","0","    764.4"," ,0","      908"," ,0","      4.88","0","     11.12","0","     -1.35","0"
"USC00479236","1971","45.70871","-89.8483","467.0","WILLOW RESERVOIR, WI US","    132.5","","     132.5","0","       136","0","        84","0","         6","0","      150","","        25","0","        49","0","       182","0","       101","0","       111","0","         2","0","","","        20"," ","  -38.9","0,0208, ","   762"," ,0,0212,+","   114"," ,0,0102, ","  61.2"," ,0,0930, ","   33.3","0,0627, ","0.0","0,0917","-3.9","0,1012","-5.0","0,1101","-8.3","0,1106","-9.4","0,1107","0.0","0,0528","-2.2","0,0514","-4.4","0,0503","-8.3","0,0414","-10.6","0,0406","    5211.2","2","    5211.2","0","    879.0"," ,0","     1528"," ,0","      4.48","0","     10.48","0","     -1.52","0"
"USC00479236","1972","45.70871","-89.8483","467.0","WILLOW RESERVOIR, WI US","    117.2","","     117.2","0","       114","0","        68","0","         3","0","      157","","        24","0","        61","0","       207","0","       111","0","       102","0","         0","0","","","        26"," ","  -40.6","0,0115, ","   787"," ,0,0307,+","   198"," ,0,0125, ","  80.5"," ,0,0817, ","   31.1","0,0518, ","-1.7","0,0922","-2.2","0,1007","-4.4","0,1017","-8.3","0,1018","-10.6","0,1119","-0.6","0,0610","-2.8","0,0505","-5.6","0,0426","-8.9","0,0425","-8.9","0,0425","    5255.4","4","    5255.4","0","    832.6"," ,0","     1804"," ,0","      3.01","0","      9.26","0","     -3.24","0"
"USC00479236","1973","45.70871","-89.8483","467.0","WILLOW RESERVOIR, WI US","    137.0","","     137.0","0","       107","0","        72","0","         8","0","      115","","","","        37","0","       181","0","        84","0","        94","0","         2","0","","","        21"," ","  -36.1","0,0108, ","   406"," ,0,0106,+","","","  86.4"," ,0,0831, ","   33.3","0,0828, ","-2.2","0,0920","-2.2","0,0920","-6.1","0,1104","-8.9","0,1105","-8.9","0,1105","-1.1","0,0530","-3.9","0,0505","-4.4","0,0429","-10.0","0,0413","-10.0","0,0413","    5265.3","3","    5265.3","0","    899.1"," ,0","","","      4.93","0","     10.43","0","     -0.56","0"
"USC00479236","1974","45.70871","-89.8483","467.0","WILLOW RESERVOIR, WI US","     83.8","","      83.8","0","       107","0","        61","0","         5","0","","","        10","0","        45","0","       202","0","       100","0","        82","0","         2","0","","","        28"," ","  -36.7","0,0108,+","","","   102"," ,0,0401,+","  55.4"," ,0,0803, ","   35.0","0,0714, ","-1.1","0,0904","-5.0","0,0923","-5.0","0,0923","-12.8","0,1116","-12.8","0,1116","-1.1","0,0526","-3.3","0,0510","-6.7","0,0507","-6.7","0,0507","-8.9","0,0419","    5431.4","4","    5431.4","0","    700.8"," ,0","      699"," ,0","      3.27","0","      9.41","0","     -2.88","0"
"USC00479236","1975","45.70871","-89.8483","467.0","WILLOW RESERVOIR, WI US","    160.6","","     160.6","0","       108","0","        68","0","         6","0","","","        24","0","        53","0","       196","0","       110","0","        99","0","         2","0","","","        32"," ","  -33.3","0,0209, ","","","   178"," ,0,0129, ","  57.2"," ,0,1110, ","   33.3","0,0731, ","-1.1","0,0909","-2.2","0,0925","-6.7","0,1002","-6.7","0,1002","-13.3","0,1114","-1.1","0,0516","-3.3","0,0423","-6.7","0,0422","-6.7","0,0422","-10.6","0,0413","    5384.0","0","    5384.0","0","    787.4"," ,0","     1507"," ,0","      3.97","0","     10.33","0","     -2.38","0"
"USC00479236","1976","45.70871","-89.8483","467.0","WILLOW RESERVOIR, WI US","    132.0","","     132.0","0","        83","0","        46","0","         2","0","","","        25","0","        73","0","       211","0","       109","0","       109","0","         7","0","","","        18"," ","  -34.4","0,0118, ","","","   203"," ,0,0302, ","  35.6"," ,0,0720, ","   34.4","0,0820, ","-1.1","0,0902","-2.8","0,0922","-6.7","0,0924","-6.7","0,0924","-9.4","0,1020","0.0","0,0525","-4.4","0,0512","-4.4","0,0512","-9.4","0,0412","-9.4","0,0412","    5256.3","3","    5256.3","0","    370.3"," ,0","     1605"," ,0","      2.81","0","      9.96","0","     -4.34","0"
"USC00479236","1977","45.70871","-89.8483","467.0","WILLOW RESERVOIR, WI US","    117.2","","     117.2","0","       137","0","        90","0","         6","0","","","        23","0","        58","0","       180","0","        96","0","       100","0","         3","0","","","        34"," ","  -39.4","0,0110, ","","","   254"," ,0,0304, ","  69.9"," ,0,0831, ","   36.1","0,0720, ","0.0","0,0930","-2.2","0,1007","-9.4","0,1112","-9.4","0,1112","-9.4","0,1112","0.0","0,0609","-5.6","0,0509","-5.6","0,0509","-10.0","0,0409","-10.0","0,0409","    5645.8","8","    5645.8","0","    925.3"," ,0","     1412"," ,0","      4.19","0","     10.46","0","     -2.08","0"
"USC00479236","1978","45.70871","-89.8483","467.0","WILLOW RESERVOIR, WI US","    124.7","","     124.7","0","       110","0","        80","0","         5","0","","","        21","0","        72","0","       197","0","       117","0","        92","0","         0","0","","","        43"," ","  -32.8","0,0204,+","","","   127"," ,0,1208, ","  33.3"," ,0,0828, ","   31.7","0,0908, ","0.0","0,0922","-3.3","0,1008","-6.7","0,1016","-6.7","0,1016","-9.4","0,1107","-1.1","0,0521","-2.2","0,0503","-6.1","0,0502","-6.7","0,0430","-9.4","0,0327","    5597.9","9","    5597.9","0","    891.2"," ,0","     1294"," ,0","      3.13","0","      9.29","0","     -3.04","0"
"USC00479236","1979","45.70871","-89.8483","467.0","WILLOW RESERVOIR, WI US","     75.3","","      75.3","0","       114","0","        74","0","         6","0","","","        26","0","        66","0","       196","0","        99","0","        87","0","         0","0","","","        26"," ","  -40.0","0,0217, ","","","   152"," ,0,0324, ","  42.7"," ,0,0617, ","   31.1","0,0712, ","-1.1","0,0908","-5.6","0,1014","-5.6","0,1014","-8.3","0,1026","-12.8","0,1109","-1.1","0,0526","-2.2","0,0516","-4.4","0,0501","-11.1","0,0411","-11.1","0,0411","    5882.5","5","    5882.5","0","    740.7"," ,0","     1766"," ,0","      2.64","0","      8.49","0","     -3.22","0"
"USC00479236","1980","45.70871","-89.8483","467.0","WILLOW RESERVOIR, WI US","","","","","       118","0","        59","0","         7","0","","","","","","","","","","","","","","","","","        36"," ","","","","","","","  72.4"," ,0,0607, ","","","","","","","","","","","","","","","","","","","","","","","    5413.5","5","    5413.5","0","    847.7"," ,0","","","","","","","",""
"USC00479236","1981","45.70871","-89.8483","467.0","WILLOW RESERVOIR, WI US","     64.2","","      64.2","0","       118","0","        49","0","         5","0","","","        15","0","        45","0","       212","0","        88","0","        90","0","         0","0","","","        25"," ","  -32.2","0,0213,+","","","    64"," ,0,1227, "," 155.4"," ,0,0614, ","   31.7","0,0707, ","-1.7","0,0920","-2.2","0,0922","-5.6","0,1003","-10.6","0,1024","-10.6","0,1024","0.0","0,0531","-3.3","0,0518","-4.4","0,0510","-7.8","0,0415","-9.4","0,0406","","","","","    720.4"," ,0","      685"," ,0","      3.94","0","     10.38","0","     -2.51","0"
"USC00479236","1982","45.70871","-89.8483","467.0","WILLOW RESERVOIR, WI US","","","","","       127","0","        92","0","         2","0","","","","","","","","","       101","0","        89","0","         0","0","        55"," ","        35"," ","","","","","","","  58.7"," ,0,0711, ","   31.1","0,0706, ","","","","","","","","","","","","","","","","","","","","","    5618.1","1","    5618.1","0","    869.5"," ,0","","","","","      9.37","0","",""
"USC00479236","1983","45.70871","-89.8483","467.0","WILLOW RESERVOIR, WI US","","","","","","","","","","","","","","","","","","","","","","","","","        48"," ","        37"," ","","","","","","","","","","","","","","","","","","","","","","","","","","","","","","","","","","","    856.3"," ,0","","","","","","","",""
"USC00479236","1984","45.70871","-89.8483","467.0","WILLOW RESERVOIR, WI US","","","","","       124","0","        65","0","         2","0","","","","","","","","","","","","","","","","","","","","","","","","","  40.9"," ,0,0430, ","","","","","","","","","","","","","","","","","","","","","","","","","","","    716.8"," ,0","","","","","","","",""
"USC00479236","1986","45.70871","-89.8483","467.0","WILLOW RESERVOIR, WI US","     64.7","","      64.7","0","       110","0","        66","0","         5","0","","","","","        56","0","       199","0","        97","0","        98","0","         1","0","","","","","  -32.8","0,0211, ","","","","","  85.1"," ,0,0619, ","   33.3","0,0719, ","0.0","0,0829","-2.8","0,0916","-5.0","0,1010","-8.3","0,1102","-10.6","0,1104","0.0","0,0617","-2.8","0,0602","-5.0","0,0503","-10.0","0,0422","-10.0","0,0422","","","","","    804.5"," ,0","","","      3.63","0","     10.62","0","     -3.36","0"
"USC00479236","1987","45.70871","-89.8483","467.0","WILLOW RESERVOIR, WI US","     79.9","","      79.9","0","       112","0","        66","0","         1","0","","","        20","0","        29","0","       211","0","        66","0","        97","0","         0","0","","","","","  -32.8","0,0126, ","","","   140"," ,0,0130, ","  34.5"," ,0,1016, ","   31.7","0,0615, ","-0.6","0,0824","-2.8","0,1003","-5.0","0,1012","-6.7","0,1109","-11.1","0,1110","0.0","0,0610","-2.2","0,0604","-4.4","0,0504","-11.7","0,0406","-11.7","0,0406","    5037.7","7","    5037.7","0","    534.7"," ,0","     1167"," ,0","      5.12","0","     12.02","0","     -1.79","0"
"USC00479236","1988","45.70871","-89.8483","467.0","WILLOW RESERVOIR, WI US","    224.9","","     224.9","0","       126","0","        58","0","         6","0","","","        23","0","        60","0","       201","0","        91","0","       112","0","        11","0","","","","","  -32.8","0,0114, ","","","   178"," ,0,0120, ","  37.3"," ,0,0802, ","   34.4","0,0817, ","-1.1","0,1003","-2.2","0,1004","-5.6","0,1013","-8.3","0,1029","-12.8","0,1030","-0.6","0,0525","-4.4","0,0517","-4.4","0,0517","-6.7","0,0323","-20.0","0,0322","    5275.0","0","    5275.0","0","    637.7"," ,0","     1239"," ,0","      4.26","0","     10.51","0","     -1.99","0"
"USC00479236","1989","45.70871","-89.8483","467.0","WILLOW RESERVOIR, WI US","    102.9","","     102.9","0","       117","0","        55","0","         0","0","","","        20","0","        70","0","       195","0","       114","0","       111","0","         0","0","","","","","  -37.2","0,1221, ","","","   254"," ,0,0304, ","  25.1"," ,0,0814,+","   31.1","0,0805,+","-1.1","0,0924","-2.2","0,1003","-5.0","0,1009","-7.2","0,1103","-13.3","0,1117","0.0","0,0511","-3.9","0,0509","-5.6","0,0507","-8.9","0,0506","-8.9","0,0506","    5410.0","0","    5410.0","0","    495.2"," ,0","     1479"," ,0","      2.86","0","      9.08","0","     -3.37","0"
"USC00479236","1990","45.70871","-89.8483","467.0","WILLOW RESERVOIR, WI US","","","","","","","","","","","","","        15","0","","","","","","","","","","","","","","","","","","","   102"," ,0,1216,+","","","","","","","","","","","","","","","","","","","","","","","","","    5249.5","5","    5249.5","0","    895.5"," ,0","     1001"," ,0","","","","","",""
"USC00479236","1991","45.70871","-89.8483","467.0","WILLOW RESERVOIR, WI US","","","","","","","","","","","","","","","","","","","","","","","","","        31"," ","         9"," ","","","","","","","","","","","","","","","","","","","","","","","","","","","","","","","","","","","","","","","","","","","",""
"USC00479236","1992","45.70871","-89.8483","467.0","WILLOW RESERVOIR, WI US","     22.9","","      22.9","0","       101","0","        61","0","         3","0","","","","","        30","0","       187","0","       102","0","        74","0","         0","0","        11"," ","         2"," ","  -31.1","0,0212, ","","","","","  29.0"," ,0,1121, ","   30.0","0,0810,+","-1.7","0,0923","-2.2","0,0929","-5.0","0,1018","-10.6","0,1019","-10.6","0,1019","-1.1","0,0524","-2.8","0,0506","-6.7","0,0414","-6.7","0,0414","-11.1","0,0413","","","","","    623.1"," ,0","","","      3.91","0","      9.07","0","     -1.25","0"
"USC00479236","1993","45.70871","-89.8483","467.0","WILLOW RESERVOIR, WI US","","","","","","","","","","","","","","","","","","","","","","","","","        11"," ","        12"," ","","","","","","","","","","","","","","","","","","","","","","","","","","","","","","","","","","","","","","","","","","","",""
"USC00479236","1994","45.70871","-89.8483","467.0","WILLOW RESERVOIR, WI US","","","","","       104","0","        64","0","         5","0","","","        26","0","","","","","","","","","","","         6"," ","        31"," ","","","","","   152"," ,0,1128, ","  71.4"," ,0,0915, ","","","","","","","","","","","","","","","","","","","","","","","","","","","    828.5"," ,0","     1115"," ,0","","","","","",""
"USC00479236","1995","45.70871","-89.8483","467.0","WILLOW RESERVOIR, WI US","","","","","","","","","","","","","","","","","","","","","","","","","        12"," ","        11"," ","","","","","","","","","","","","","","","","","","","","","","","","","","","","","","","","","","","","","","","","","","","",""
"USC00479236","1996","45.70871","-89.8483","467.0","WILLOW RESERVOIR, WI US","     73.5","","      73.5","0","       121","0","        76","0","        10","0","","","        34","0","        55","0","       189","0","       112","0","        83","0","         0","0","        21"," ","        17"," ","  -41.7","0,0203, ","","","   203"," ,0,0325, ","  52.1"," ,0,0806, ","   31.1","0,0630, ","-0.6","0,1003","-2.8","0,1008","-9.4","0,1031","-9.4","0,1031","-9.4","0,1031","-3.9","0,0513","-3.9","0,0513","-4.4","0,0429","-7.2","0,0427","-16.1","0,0408","","","","","    954.0"," ,0","     1990"," ,0","      2.75","0","      8.37","0","     -2.87","0"
"USC00479236","1997","45.70871","-89.8483","467.0","WILLOW RESERVOIR, WI US","","","","","","","","","","","","","","","","","","","","","","","","","        13"," ","        20"," ","","","","","","","","","","","","","","","","","","","","","","","","","","","","","","","","","","","","","","","","","","","",""
"USC00479236","1998","45.70871","-89.8483","467.0","WILLOW RESERVOIR, WI US","","","","","        95","0","        52","0","         1","0","","","        19","0","","","","","","","","","","","        15"," ","        19"," ","","","","","   102"," ,0,0202,+","  63.8"," ,0,0612, ","","","","","","","","","","","","","","","","","","","","","","","","","","","    515.7"," ,0","      990"," ,0","","","","","",""
"USC00479236","1999","45.70871","-89.8483","467.0","WILLOW RESERVOIR, WI US","    153.1","","     153.1","0","        98","0","        68","0","         9","0","","","        27","0","        36","0","       173","0","        75","0","        95","0","         2","0","        45"," ","        23"," ","  -31.1","0,0113,+","","","   127"," ,0,0123, ","  73.7"," ,0,0606, ","   32.8","0,0731, ","-1.1","0,0921","-3.3","0,1003","-4.4","0,1004","-6.7","0,1104","-11.7","0,1130","0.0","0,0509","-3.9","0,0425","-4.4","0,0424","-6.7","0,0327","-8.9","0,0325","    4498.7","7","    4498.7","0","    823.0"," ,0","     1202"," ,0","      5.55","0","     11.26","0","     -0.16","0"
"USC00479236","2000","45.70871","-89.8483","467.0","WILLOW RESERVOIR, WI US","    100.7","","     100.7","0","       116","0","        76","0","         3","0","","","        33","0","        50","0","       172","0","        92","0","        97","0","         0","0","        57"," ","        22"," ","  -35.0","0,0212, ","","","   127"," ,0,0216, ","  69.3"," ,0,0709, ","   31.7","0,0609, ","-1.7","0,1006","-2.8","0,1028","-7.8","0,1115","-7.8","0,1115","-13.3","0,1121","0.0","0,0520","-2.2","0,0423","-6.7","0,0411","-6.7","0,0411","-16.1","0,0318","    4685.6","6","    4685.6","0","    764.9"," ,0","     1302"," ,0","      4.91","0","     10.76","0","     -0.95","0"
"USC00479236","2001","45.70871","-89.8483","467.0","WILLOW RESERVOIR, WI US","    185.5","","     185.5","0","       114","0","        88","0","         3","0","      115","","        21","0","        31","0","       169","0","        79","0","       105","0","         3","0","        69"," ","        30"," ","  -32.2","0,0211, ","   533"," ,0,0314,+","   229"," ,0,1127, ","  42.9"," ,0,0619, ","   32.8","0,0809,+","-0.6","0,1006","-2.2","0,1007","-6.7","0,1105","-6.7","0,1105","-10.0","0,1209","0.0","0,0427","-3.9","0,0419","-4.4","0,0418","-6.7","0,0405","-11.7","0,0327","    5027.3","3","    5027.3","0","    819.9"," ,0","     1132"," ,0","      5.85","0","     11.61","0","      0.09","0"
"USC00479236","2002","45.70871","-89.8483","467.0","WILLOW RESERVOIR, WI US","","","","","","","","","","","","","","","","","","","","","","","","","        55"," ","        23"," ","","","","","","","","","","","","","","","","","","","","","","","","","","","","","","","","","","","","","","","","","","","",""
"USC00479236","2003","45.70871","-89.8483","467.0","WILLOW RESERVOIR, WI US","    164.4","","     164.4","0","       100","0","        72","0","         2","0","","","","","        51","0","       189","0","        94","0","       101","0","         0","0","        17"," ","        10"," ","  -32.2","0,0207, ","","","","","  37.1"," ,0,0416, ","   31.7","0,0817, ","-0.6","0,0929","-2.8","0,1002","-9.4","0,1106","-9.4","0,1106","-9.4","0,1106","0.0","0,0522","-3.3","0,0423","-5.6","0,0410","-10.6","0,0409","-10.6","0,0409","","","","","    697.2"," ,0","","","      4.55","0","     10.39","0","     -1.30","0"
"USC00479236","2004","45.70871","-89.8483","467.0","WILLOW RESERVOIR, WI US","","","","","","","","","","","","","","","","","","","","","","","","","        13"," ","         7"," ","","","","","","","","","","","","","","","","","","","","","","","","","","","","","","","    4985.8","8","    4985.8","0","","","","","","","","","",""
"USC00479236","2005","45.70871","-89.8483","467.0","WILLOW RESERVOIR, WI US","    231.7","","     231.7","0","        94","0","        70","0","         3","0","","","        27","0","        38","0","       169","0","        99","0","       120","0","         5","0","        23"," ","         8"," ","  -31.7","0,0128,+","","","   102"," ,0,1215,+"," 130.3"," ,0,1005, ","   32.8","0,0725,+","0.0","0,1007","-2.2","0,1110","-5.0","0,1114","-12.8","0,1117","-12.8","0,1117","-1.1","0,0513","-2.2","0,0512","-6.7","0,0324","-6.7","0,0324","-13.9","0,0323","","","","","    682.8"," ,0","     1230"," ,0","      5.82","0","     11.57","0","      0.08","0"
"USC00479236","2006","45.70871","-89.8483","467.0","WILLOW RESERVOIR, WI US","","","","","","","","","","","","","","","","","","","","","","","","","        15"," ","         8"," ","","","","","","","","","","","","","","","","","","","","","","","","","","","","","","","","","","","","","","","","","","","",""
"USC00479236","2007","45.70871","-89.8483","467.0","WILLOW RESERVOIR, WI US","","","","","        90","0","        58","0","         6","0","","","        23","0","","","","","","","","","","","","","         7"," ","","","","","   152"," ,0,1202, ","  57.9"," ,0,0627, ","","","","","","","","","","","","","","","","","","","","","","","","","","","    683.7"," ,0","     1271"," ,0","","","","","",""
"USC00479236","2008","45.70871","-89.8483","467.0","WILLOW RESERVOIR, WI US","     84.6","","      84.6","0","        98","0","        71","0","         1","0","","","        30","0","        57","0","       191","0","       109","0","        98","0","         0","0","         2"," ","         2"," ","  -31.1","0,0221, ","","","   152"," ,0,0401, ","  32.3"," ,0,0503, ","   30.6","0,0901, ","-0.6","0,1003","-2.2","0,1004","-5.6","0,1109","-11.7","0,1111","-11.7","0,1111","-1.1","0,0528","-5.6","0,0430","-5.6","0,0430","-7.2","0,0429","-11.1","0,0415","    5219.4","4","    5219.4","0","    586.9"," ,0","     1509"," ,0","      3.47","0","      9.43","0","     -2.48","0"
"USC00479236","2009","45.70871","-89.8483","467.0","WILLOW RESERVOIR, WI US","     79.5","","      79.5","0","        96","0","        62","0","         2","0","","","        26","0","        50","0","       182","0","        88","0","        98","0","         1","0","         2"," ","         8"," ","  -32.2","0,0116, ","","","   127"," ,0,1209, ","  36.8"," ,0,1007, ","   34.4","0,0624, ","-1.1","0,0930","-3.3","0,1010","-4.4","0,1013","-7.2","0,1116","-9.4","0,1204","0.0","0,0531","-2.8","0,0416","-5.6","0,0412","-7.2","0,0411","-9.4","0,0331","    5122.8","8","    5122.8","0","    621.3"," ,0","     1321"," ,0","      4.05","0","      9.76","0","     -1.66","0"
"USC00479236","2010","45.70871","-89.8483","467.0","WILLOW RESERVOIR, WI US","","","","","","","","","","","","","        19","0","","","","","","","","","","","         4"," ","        19"," ","","","","","   152"," ,0,1212, ","","","","","","","","","","","","","","","","","","","","","","","","","","","","","","","     1068"," ,0","","","","","",""
"USC00479236","2011","45.70871","-89.8483","467.0","WILLOW RESERVOIR, WI US","    156.2","","     156.2","K","","","","","","","","","","","        36","K","       189","K","        93","K","       103","K","         2","K","","","         9"," ","  -31.1","K,0124,+","","","","","","","   32.2","K,0721,+","-1.1","K,0916","-2.2","K,1022","-6.7","K,1104","-6.7","K,1104","-11.1","K,1130","-1.7","K,0527","-3.9","K,0504","-5.6","K,0419","-7.2","K,0418","-16.7","K,0331","    5037.2","2","    5037.2","K","","","","","      4.79","K","     10.17","K","     -0.60","K"
"USC00479236","2012","45.70871","-89.8483","467.0","WILLOW RESERVOIR, WI US","","","","","","","","","","","","","","","","","","","","","","","","","         2"," ","","","","","","","","","","","","","","","","","","","","","","","","","","","","","","","","","","","","","","","","","","","","","",""
"USC00479236","2013","45.70871","-89.8483","467.0","WILLOW RESERVOIR, WI US","","","","","","","","","","","","","","","","","","","","","","","","","","","","","","","","","","","","","","","","","","","","","","","","","","","","","","","","","","","","","","","    904.7"," ,7","","","","","","","",""
"USC00479236","2014","45.70871","-89.8483","467.0","WILLOW RESERVOIR, WI US","","","","","","","","","","","      171","","","","","","","","","","","","","","","","","","","","   965"," ,7,0306,+","","","","","","","","","","","","","","","","","","","","","","","","","","","","","","","","","","","","","","","",""
"USC00479236","2015","45.70871","-89.8483","467.0","WILLOW RESERVOIR, WI US","","","","","","","","","","","","","","","","","","","","","","","","","","","         1"," ","","","","","","","","","","","","","","","","","","","","","","","","","","","","","","","","","","","","","","","","","","","",""
"USC00479236","2017","45.70871","-89.8483","467.0","WILLOW RESERVOIR, WI US","","","","","","","","","","","      108","","        23","7","","","","","","","","","","","","","","","","","   381"," ,7,0118,+","   178"," ,7,0111, ","","","","","","","","","","","","","","","","","","","","","","","","","","","","","","","     1330"," ,7","","","","","",""
"USC00479236","2018","45.70871","-89.8483","467.0","WILLOW RESERVOIR, WI US","","","","","","","","","","","      170","","        29","7","","","","","","","","","","","         2"," ","","","","","   660"," ,7,0418,+","   229"," ,7,0415, ","","","","","","","","","","","","","","","","","","","","","","","","","","","","","","","     2191"," ,7","","","","","",""
"USC00479236","2019","45.70871","-89.8483","467.0","WILLOW RESERVOIR, WI US","    101.8","","     101.8","7","       143","7","        83","7","        10","7","      147","","        24","7","        50","7","       183","7","       113","7","        87","7","         0","7","","","","","  -33.9","7,0201,+","  1067"," ,7,0302, ","   279"," ,7,0224, ","  50.0"," ,7,0519, ","   29.4","7,0630,+","0.0","7,1013","-3.9","7,1025","-6.7","7,1030","-6.7","7,1030","-9.4","7,1106","0.0","7,0510","-2.8","7,0507","-7.2","7,0416","-7.2","7,0416","-8.9","7,0415","    5519.9","9","    5519.9","7","   1013.3"," ,7","     2916"," ,7","      3.57","7","      8.68","7","     -1.55","7"
"USC00479236","2020","45.70871","-89.8483","467.0","WILLOW RESERVOIR, WI US","    165.6","","     165.6","7","       100","7","        65","7","         4","7","      120","","        17","7","        27","7","       201","7","        92","7","        91","7","         1","7","","","","","  -28.9","7,0220, ","   406"," ,7,0125, ","   178"," ,7,0413, "," 127.0"," ,7,0726, ","   32.2","7,0704, ","-0.6","7,0918","-2.2","7,1017","-7.2","7,1020","-7.2","7,1020","-9.4","7,1027","-2.8","7,0514","-2.8","7,0514","-4.4","7,0509","-6.7","7,0417","-10.0","7,0416","    5054.8","8","    5054.8","7","    839.9"," ,7","     1086"," ,7","      5.15","7","     10.39","7","     -0.09","7"
"USC00479236","2021","45.70871","-89.8483","467.0","WILLOW RESERVOIR, WI US","    144.6","","     144.6","7","       119","7","        67","7","         8","7","      107","","        15","7","        27","7","       180","7","        84","7","       118","7","         1","7","","","","","  -35.0","7,0216,+","   381"," ,7,0218,+","   239"," ,7,1211, ","  47.0"," ,7,0611, ","   33.3","7,0609, ","-1.1","7,1022","-2.2","7,1102","-4.4","7,1103","-7.8","7,1121","-10.6","7,1122","-1.7","7,0530","-2.8","7,0513","-4.4","7,0425","-9.4","7,0402","-9.4","7,0402","    4949.3","3","    4949.3","7","    818.7"," ,7","     1581"," ,7","      5.68","7","     11.32","7","      0.03","7"
"USC00479236","2022","45.70871","-89.8483","467.0","WILLOW RESERVOIR, WI US","    113.8","","     113.8","7","       136","7","        62","7","         6","7","      145","","        20","7","        52","7","       191","7","       108","7","       104","7","         2","7","","","","","  -33.3","7,0127,+","   406"," ,7,0226,+","   178"," ,7,1215, ","  39.4"," ,7,0413, ","   32.8","7,0621, ","-2.2","7,0928","-2.2","7,0928","-6.7","7,1113","-6.7","7,1113","-8.9","7,1114","0.0","7,0604","-5.0","7,0428","-5.0","7,0428","-8.3","7,0418","-9.4","7,0417","    5092.0","0","    5092.0","7","    688.9"," ,7","     1593"," ,7","      4.02","7","      9.56","7","     -1.52","7"
"USC00479236","2023","45.70871","-89.8483","467.0","WILLOW RESERVOIR, WI US","    142.7","","     142.7","7","       137","7","        65","7","         2","7","      134","","        29","7","        15","7","       175","7","        74","7","       118","7","         3","7","","","","","  -32.2","7,0131, ","   686"," ,7,0401, ","   330"," ,7,0401, ","  34.3"," ,7,0401, ","   32.8","7,0905,+","-0.6","7,1013","-2.2","7,1029","-5.6","7,1030","-8.9","7,1101","-8.9","7,1101","-0.6","7,0503","-4.4","7,0427","-4.4","7,0427","-10.0","7,0408","-10.0","7,0408","    4854.8","8","    4854.8","7","    690.4"," ,7","     2235"," ,7","      6.02","7","     11.53","7","      0.51","7"
"USC00479236","2024","45.70871","-89.8483","467.0","WILLOW RESERVOIR, WI US","    115.0","","     115.0","7","       128","7","        68","7","         2","7","       77","","        14","7","        19","7","       167","7","        71","7","       117","7","         0","7","","","","","  -25.6","7,1213,+","   203"," ,7,0325, ","   206"," ,7,0325, ","  36.8"," ,7,0625, ","   30.0","7,0827,+","-2.2","7,1007","-2.2","7,1007","-8.3","7,1126","-8.3","7,1126","-10.6","7,1127","-1.7","7,0426","-2.8","7,0425","-4.4","7,0422","-7.8","7,0330","-9.4","7,0329","    4321.4","4","    4321.4","7","    746.3"," ,7","      989"," ,7","      6.88","7","     12.27","7","      1.49","7"
