"STATION","DATE","LATITUDE","LONGITUDE","ELEVATION","NAME","AWND","AWND_ATTRIBUTES","CDSD","CDSD_ATTRIBUTES","CLDD","CLDD_ATTRIBUTES","DP01","DP01_ATTRIBUTES","DP10","DP10_ATTRIBUTES","DP1X","DP1X_ATTRIBUTES","DSND","DSND_ATTRIBUTES","DSNW","DSNW_ATTRIBUTES","DT00","DT00_ATTRIBUTES","DT32","DT32_ATTRIBUTES","DX32","DX32_ATTRIBUTES","DX70","DX70_ATTRIBUTES","DX90","DX90_ATTRIBUTES","DYFG","DYFG_ATTRIBUTES","DYHF","DYHF_ATTRIBUTES","DYTS","DYTS_ATTRIBUTES","EMNT","EMNT_ATTRIBUTES","EMSD","EMSD_ATTRIBUTES","EMSN","EMSN_ATTRIBUTES","EMXP","EMXP_ATTRIBUTES","EMXT","EMXT_ATTRIBUTES","FZF0","FZF0_ATTRIBUTES","FZF1","FZF1_ATTRIBUTES","FZF2","FZF2_ATTRIBUTES","FZF3","FZF3_ATTRIBUTES","FZF4","FZF4_ATTRIBUTES","FZF5","FZF5_ATTRIBUTES","FZF6","FZF6_ATTRIBUTES","FZF7","FZF7_ATTRIBUTES","FZF8","FZF8_ATTRIBUTES","FZF9","FZF9_ATTRIBUTES","HDSD","HDSD_ATTRIBUTES","HTDD","HTDD_ATTRIBUTES","PRCP","PRCP_ATTRIBUTES","SNOW","SNOW_ATTRIBUTES","TAVG","TAVG_ATTRIBUTES","TMAX","TMAX_ATTRIBUTES","TMIN","TMIN_ATTRIBUTES","WDF2","WDF2_ATTRIBUTES","WDF5","WDF5_ATTRIBUTES","WSF2","WSF2_ATTRIBUTES","WSF5","WSF5_ATTRIBUTES"
"USW00093845","1948","30.77629","-83.27393","58.7","VALDOSTA REGIONAL AIRPORT, GA US","","","","","","","","","","","","","","","","","","","","","","","","","","","       197"," ","","","        77"," ","","","","","","","","","","","","","","","","","","","","","","","","","","","","","","","","","","","","","","","","","","","","","","","","","","","",""
"USW00093845","1949","30.77629","-83.27393","58.7","VALDOSTA REGIONAL AIRPORT, GA US","","","   1373.5","","    1373.5","0","       112","0","        72","0","        17","0","        0","","         0","0","         0","0","        11","0","         0","0","       304","0","        90","0","       134"," ","","","        81"," ","   -2.8","0,1206, ","     0"," ,0,1231,+","     0"," ,0,1231,+","  50.5"," ,0,0405, ","   36.7","0,0729, ","-2.2","0,1119","-2.2","0,1119","","","","","","","0.0","0,0308","-2.2","0,0101","","","","","","","     544.7","7","     544.7","0","   1218.0"," ,0","        0"," ,0","     20.37","0","     26.71","0","     14.04","0","","","","","","","",""
"USW00093845","1950","30.77629","-83.27393","58.7","VALDOSTA REGIONAL AIRPORT, GA US","","","   1404.2","","    1404.2","0","       103","0","        61","0","         8","0","        0","","         0","0","         0","0","        22","0","         1","0","       283","0","       100","0","       169"," ","","","        60"," ","   -7.2","0,1125, ","     0"," ,0,1231,+","     0","T,0,1124, ","  51.8"," ,0,0707, ","   38.3","0,0627,+","0.0","0,1106","-2.2","0,1124","-7.2","0,1125","-7.2","0,1125","","","0.0","0,0228","-2.2","0,0218","","","","","","","     664.3","3","     664.3","0","    830.3"," ,0","        0","T,0","     19.84","0","     26.55","0","     13.14","0","","","","","","","",""
"USW00093845","1951","30.77629","-83.27393","58.7","VALDOSTA REGIONAL AIRPORT, GA US","","","   1494.1","","    1494.1","0","       103","0","        74","0","        13","0","        0","","         0","0","         0","0","        28","0","         0","0","       288","0","       113","0","       152"," ","","","        72"," ","   -7.2","0,0204, ","     0"," ,0,1231,+","     0"," ,0,1231,+","  97.8"," ,0,0319, ","   39.4","0,0716, ","-0.6","0,1108","-2.2","0,1119","-5.0","0,1216","","","","","0.0","0,0315","-2.8","0,0209","-4.4","0,0205","-7.2","0,0204","","","    1012.3","3","    1012.3","0","   1324.0"," ,0","        0"," ,0","     20.02","0","     26.74","0","     13.31","0","","","","","","","",""
"USW00093845","1952","30.77629","-83.27393","58.7","VALDOSTA REGIONAL AIRPORT, GA US","","","   1437.9","","    1437.9","0","        98","0","        72","0","        10","0","        0","","         0","0","         0","0","        20","0","         0","0","       283","0","       109","0","       151"," ","","","        72"," ","   -3.9","0,1215, ","     0"," ,0,1231,+","     0","T,0,1214,+","  43.7"," ,0,1008, ","   38.9","0,0818,+","-2.8","0,1030","-2.8","0,1030","","","","","","","0.0","0,0208","-2.8","0,0130","","","","","","","     737.6","6","     737.6","0","    987.4"," ,0","        0","T,0","     20.02","0","     26.63","0","     13.40","0","","","","","","","",""
"USW00093845","1953","30.77629","-83.27393","58.7","VALDOSTA REGIONAL AIRPORT, GA US","","","   1452.5","","    1452.5","0","       138","0","        85","0","        20","0","        0","","         0","0","         0","0","        12","0","         0","0","       289","0","        92","0","       172"," ","","","        72"," ","   -6.1","0,1219, ","     0"," ,0,1231,+","     0"," ,0,1231,+"," 107.7"," ,0,0926, ","   37.8","0,0806,+","-0.6","0,1216","-5.0","0,1218","-5.0","0,1218","","","","","0.0","0,0218","-2.2","0,0113","","","","","","","     800.5","5","     800.5","0","   1540.6"," ,0","        0"," ,0","     20.21","0","     26.37","0","     14.06","0","","","","","","","",""
"USW00093845","1954","30.77629","-83.27393","58.7","VALDOSTA REGIONAL AIRPORT, GA US","","","","","","","","","","","","","","","","","","","","","","","","","","","        93"," ","","","        36"," ","","","","","","","","","","","","","","","","","","","","","","","","","","","","","","","     804.1","1","     804.1","0","","","","","","","","","","","","","","","","","",""
"USW00093845","1959","30.77629","-83.27393","58.7","VALDOSTA REGIONAL AIRPORT, GA US","","","","","","","","","","","","","        0","","         0","0","","","","","","","","","","","       164"," ","","","        40"," ","","","     0"," ,0,1231,+","     0"," ,0,1231,+","","","","","","","","","","","","","","","","","","","","","","","","","","","","","","","        0"," ,0","","","","","","","","","","","","","",""
"USW00093845","1960","30.77629","-83.27393","58.7","VALDOSTA REGIONAL AIRPORT, GA US","","","   1286.7","","    1286.7","0","       123","0","        82","0","        18","0","        0","","         0","0","         0","0","        50","0","         0","0","       265","0","        77","0","       229"," ","","","        12"," ","   -6.7","0,1214,+","     0"," ,0,1231,+","     0","T,0,1215, ","  65.3"," ,0,0707, ","   35.6","0,0722,+","-0.6","0,1201","-3.3","0,1202","-5.6","0,1204","-6.7","0,1214","","","-0.6","0,0411","-4.4","0,0307","-4.4","0,0307","-6.7","0,0125","","","    1173.5","5","    1173.5","0","   1440.1"," ,0","        0","T,0","     18.57","0","     25.15","0","     11.98","0","","","","","","","",""
"USW00093845","1961","30.77629","-83.27393","58.7","VALDOSTA REGIONAL AIRPORT, GA US","","","   1241.1","","    1241.1","0","       102","0","        72","0","        18","0","        0","","         0","0","         0","0","        33","0","         0","0","       283","0","        78","0","       189"," ","","","        25"," ","   -8.3","0,0123, ","     0"," ,0,1231,+","     0"," ,0,1231,+"," 159.8"," ,0,0621, ","   36.7","0,0802, ","-1.1","0,1130","-5.6","0,1226","-5.6","0,1226","-7.8","0,1230","","","-0.6","0,0212","-2.2","0,0205","-8.3","0,0123","-8.3","0,0123","","","    1063.6","6","    1063.6","0","   1425.9"," ,0","        0"," ,0","     19.04","0","     25.75","0","     12.33","0","","","","","","","",""
"USW00093845","1962","30.77629","-83.27393","58.7","VALDOSTA REGIONAL AIRPORT, GA US","","","   1425.6","","    1425.6","0","       121","0","        80","0","        13","0","        0","","         0","0","         0","0","        26","0","         1","0","       267","0","       113","0","       209"," ","","","        21"," ","  -12.2","0,1214, ","     0"," ,0,1231,+","     0","T,0,0112,+"," 124.5"," ,0,0401, ","   37.2","0,0529, ","0.0","0,1106","-3.9","0,1207","-11.7","0,1213","-11.7","0,1213","-11.7","0,1213","-1.7","0,0308","-2.8","0,0307","-8.3","0,0114","-8.3","0,0114","","","     962.5","5","     962.5","0","   1289.2"," ,0","        0","T,0","     19.26","0","     25.98","0","     12.54","0","","","","","","","",""
"USW00093845","1963","30.77629","-83.27393","58.7","VALDOSTA REGIONAL AIRPORT, GA US","","","   1348.7","","    1348.7","Z","","","","","","","","","","","         0","Z","        49","Z","         0","Z","       262","Z","        94","Z","       185"," ","","","        23"," ","   -8.3","Z,0125, ","","","","","","","   36.1","Z,0805,+","-1.7","0,1103","-2.8","0,1114","-5.6","Z,1219","","","","","-1.1","0,0301","-3.9","0,0228","-7.2","0,0126","-7.2","0,0126","","","    1180.9","9","    1180.9","Z","","","","","     18.67","Z","     25.23","Z","     12.11","Z","","","","","","","",""
"USW00093845","1964","30.77629","-83.27393","58.7","VALDOSTA REGIONAL AIRPORT, GA US","","","   1338.4","","    1338.4","Z","","","","","","","","","","","         0","Z","        15","Z","         0","Z","       265","Z","        65","Z","","","","","","","   -7.8","Z,0115, ","","","","","","","   38.9","Z,0611, ","-2.8","Z,1201","-2.8","Z,1201","","","","","","","-0.6","Z,0331","-2.2","Z,0224","-7.8","Z,0115","-7.8","Z,0115","","","    1086.8","8","    1086.8","Z","","","","","     19.52","Z","     25.25","Z","     13.79","Z","","","","","","","",""
"USW00093845","1965","30.77629","-83.27393","58.7","VALDOSTA REGIONAL AIRPORT, GA US","","","   1331.7","","    1331.7","Z","","","","","","","","","","","         0","Z","        21","Z","         0","Z","       263","Z","        59","Z","","","","","","","   -6.1","Z,0117, ","","","","","","","   35.6","Z,0828,+","-0.6","Z,1130","-2.8","Z,1202","","","","","","","0.0","Z,0309","-2.8","Z,0226","-5.0","Z,0118","","","","","     807.9","9","     807.9","Z","","","","","     19.45","Z","     25.21","Z","     13.68","Z","","","","","","","",""
"USW00093845","1966","30.77629","-83.27393","58.7","VALDOSTA REGIONAL AIRPORT, GA US","","","   1159.9","","    1159.9","Z","","","","","","","","","","","         0","Z","        32","Z","         1","Z","       252","Z","        47","Z","","","","","","","  -11.7","Z,0130, ","","","","","","","   37.2","Z,0708, ","-1.7","Z,1103","-2.2","Z,1104","","","","","","","0.0","Z,0308","-3.3","Z,0207","-6.1","Z,0206","-8.9","Z,0131","-8.9","Z,0131","    1065.7","7","    1065.7","Z","","","","","     18.31","Z","     24.00","Z","     12.63","Z","","","","","","","",""
"USW00093845","1967","30.77629","-83.27393","58.7","VALDOSTA REGIONAL AIRPORT, GA US","","","   1323.6","","    1323.6","Z","","","","","","","","","","","         0","Z","        20","Z","         0","Z","       294","Z","        78","Z","","","","","","","   -5.6","Z,0226, ","","","","","","","   36.7","Z,0619,+","-0.6","Z,1107","","","","","","","","","-1.7","Z,0227","-5.6","Z,0226","-5.6","Z,0226","","","","","     916.6","6","     916.6","Z","","","","","     19.83","Z","     26.41","Z","     13.24","Z","","","","","","","",""
"USW00093845","1968","30.77629","-83.27393","58.7","VALDOSTA REGIONAL AIRPORT, GA US","","","   1466.7","","    1466.7","Z","","","","","","","","","","","         0","Z","        40","Z","         0","Z","       278","Z","        97","Z","","","","","","","   -4.4","Z,1217,+","","","","","","","   37.8","Z,0821,+","-1.1","Z,1113","-2.8","Z,1121","-4.4","Z,1216","","","","","0.0","Z,0324","-2.2","Z,0214","","","","","","","     916.9","9","     916.9","Z","","","","","     19.34","Z","     25.97","Z","     12.71","Z","","","","","","","",""
"USW00093845","1969","30.77629","-83.27393","58.7","VALDOSTA REGIONAL AIRPORT, GA US","","","   1303.7","","    1303.7","Z","","","","","","","","","","","         0","Z","        29","Z","         0","Z","       259","Z","        60","Z","","","","","","","   -3.9","Z,0106, ","","","","","","","   36.1","Z,0624, ","-3.3","Z,1115","-3.3","Z,1115","","","","","","","0.0","Z,0327","-2.2","Z,0312","","","","","","","    1032.9","9","    1032.9","Z","","","","","     18.98","Z","     24.88","Z","     13.08","Z","","","","","","","",""
"USW00093845","1970","30.77629","-83.27393","58.7","VALDOSTA REGIONAL AIRPORT, GA US","","","   1371.9","","    1371.9","Z","","","","","","","","","","","         0","Z","        30","Z","         0","Z","       276","Z","        62","Z","","","","","","","   -8.9","Z,0109, ","","","","","","","   36.1","Z,0620, ","-0.6","Z,1116","-5.6","Z,1124","-5.6","Z,1124","-8.3","Z,1125","","","-1.7","Z,0227","-2.2","Z,0213","-6.1","Z,0204","-7.2","Z,0110","-8.9","Z,0109","    1020.2","2","    1020.2","Z","","","","","     19.30","Z","     25.24","Z","     13.35","Z","","","","","","","",""
"USW00093845","1971","30.77629","-83.27393","58.7","VALDOSTA REGIONAL AIRPORT, GA US","","","   1460.9","","    1460.9","Z","","","","","","","","","","","         0","Z","        20","Z","         0","Z","       291","Z","        81","Z","","","","","","","   -7.8","Z,0121, ","","","","","","","   36.7","Z,0615, ","","","","","","","","","","","0.0","Z,0321","-2.8","Z,0214","-5.6","Z,0211","-7.8","Z,0121","","","     933.3","3","     933.3","Z","","","","","     20.16","Z","     26.19","Z","     14.13","Z","","","","","","","",""
"USW00093845","1972","30.77629","-83.27393","58.7","VALDOSTA REGIONAL AIRPORT, GA US","","","   1432.6","","    1432.6","Z","","","","","","","","","","","         0","Z","        10","Z","         0","Z","       295","Z","        77","Z","","","","","","","   -3.9","Z,0117,+","","","","","","","   36.7","Z,0819,+","-1.1","Z,1127","","","","","","","","","-0.6","Z,0221","-3.9","Z,0117","","","","","","","     531.5","5","     531.5","Z","","","","","     20.49","Z","     26.39","Z","     14.59","Z","","","","","","","",""
"USW00093845","1973","30.77629","-83.27393","58.7","VALDOSTA REGIONAL AIRPORT, GA US","","","   1518.0","","    1518.0","Z","","","","","","","        0","","         0","Z","         0","Z","        20","Z","         0","Z","       294","Z","        86","Z","","","","","","","   -5.0","Z,0114, ","     0"," ,Z,1231,+","     0"," ,Z,1231,+","","","   35.0","Z,0708,+","0.0","Z,1130","-2.2","Z,1211","-4.4","Z,1223","","","","","-2.2","Z,0217","-2.2","Z,0217","-5.0","Z,0114","","","","","     756.8","8","     756.8","Z","","","        0"," ,Z","     20.30","Z","     26.13","Z","     14.47","Z","","","","","","","",""
"USW00093845","1974","30.77629","-83.27393","58.7","VALDOSTA REGIONAL AIRPORT, GA US","","","   1455.2","","    1455.2","Z","","","","","","","        0","","         0","Z","         0","Z","        12","Z","         0","Z","       310","Z","        96","Z","","","","","","","   -4.4","Z,0227, ","     0"," ,Z,1231,+","     0"," ,Z,1231,+","","","   36.1","Z,0621,+","0.0","Z,1113","-2.8","Z,1204","","","","","","","0.0","Z,0228","-4.4","Z,0227","-4.4","Z,0227","","","","","     521.0","0","     521.0","Z","","","        0"," ,Z","     20.70","Z","     27.13","Z","     14.27","Z","","","","","","","",""
"USW00093845","1975","30.77629","-83.27393","58.7","VALDOSTA REGIONAL AIRPORT, GA US","","","   1489.6","","    1489.6","Z","","","","","","","","","","","         0","Z","        17","Z","         0","Z","       299","Z","        68","Z","","","","","","","   -5.0","Z,1219, ","","","","","","","   35.6","Z,0525, ","-0.6","Z,1115","-2.2","Z,1211","-5.0","Z,1219","","","","","-0.6","Z,0303","","","","","","","","","     666.3","3","     666.3","Z","","","","","     20.48","Z","     26.38","Z","     14.58","Z","","","","","","","",""
"USW00093845","1976","30.77629","-83.27393","58.7","VALDOSTA REGIONAL AIRPORT, GA US","","","   1256.3","","    1256.3","Z","       114","Z","        78","Z","        16","Z","        0","","         0","Z","         0","Z","        23","Z","         0","Z","       275","Z","        53","Z","","","","","","","   -5.0","Z,0119,+","     0"," ,Z,1231,+","     0","T,Z,1222,+"," 103.1"," ,Z,0523, ","   36.1","Z,0721,+","-1.1","Z,1106","-3.3","Z,1109","-4.4","Z,1222","","","","","-2.2","Z,0208","-2.2","Z,0208","-5.0","Z,0119","","","","","     705.6","6","     705.6","Z","   1433.0"," ,Z","        0","T,Z","     19.25","Z","     25.27","Z","     13.23","Z","","","","","","","",""
"USW00093845","1977","30.77629","-83.27393","58.7","VALDOSTA REGIONAL AIRPORT, GA US","","","   1476.2","","    1476.2","Z","       111","Z","        74","Z","        13","Z","        0","","         0","Z","         0","Z","        44","Z","         0","Z","       279","Z","       103","Z","","","","","","","  -10.0","Z,0119, ","     0"," ,Z,1231,+","     0","T,Z,0216,+","  64.8"," ,Z,1104, ","   37.8","Z,0615,+","-0.6","Z,1111","-2.2","Z,1207","-5.6","Z,1227","","","","","-0.6","Z,0301","-2.2","Z,0221","-5.6","Z,0201","-7.2","Z,0120","-10.0","Z,0119","    1192.5","5","    1192.5","Z","   1110.1"," ,Z","        0","T,Z","     19.40","Z","     25.98","Z","     12.83","Z","","","","","","","",""
"USW00093845","1978","30.77629","-83.27393","58.7","VALDOSTA REGIONAL AIRPORT, GA US","","","   1359.4","","    1359.4","Z","       103","Z","        70","Z","        10","Z","        0","","         0","Z","         0","Z","        40","Z","         0","Z","       279","Z","        94","Z","","","","","","","   -5.0","Z,0111,+","     0"," ,Z,1231,+","     0"," ,Z,1231,+","  57.4"," ,Z,1130, ","   38.3","Z,0628, ","-2.2","Z,1210","-2.2","Z,1210","","","","","","","-0.6","Z,0306","-2.2","Z,0305","-4.4","Z,0207","","","","","    1171.6","6","    1171.6","Z","   1079.2"," ,Z","        0"," ,Z","     19.03","Z","     25.48","Z","     12.58","Z","","","","","","","",""
"USW00093845","1979","30.77629","-83.27393","58.7","VALDOSTA REGIONAL AIRPORT, GA US","","","   1253.4","","    1253.4","Z","       116","Z","        79","Z","        14","Z","        0","","         0","Z","         0","Z","        34","Z","         0","Z","       274","Z","        71","Z","","","","","","","   -7.8","Z,0103, ","     0"," ,Z,1231,+","     0"," ,Z,1231,+","  87.6"," ,Z,1206, ","   37.8","Z,0705, ","-3.3","Z,1130","-3.3","Z,1130","-4.4","Z,1201","","","","","-1.1","Z,0326","-3.9","Z,0211","-4.4","Z,0210","-7.8","Z,0103","","","     938.0","0","     938.0","Z","   1195.6"," ,Z","        0"," ,Z","     18.93","Z","     25.28","Z","     12.58","Z","","","","","","","",""
"USW00093845","1980","30.77629","-83.27393","58.7","VALDOSTA REGIONAL AIRPORT, GA US","","","   1326.3","","    1326.3","Z","       122","Z","        78","Z","        12","Z","        0","","         0","Z","         0","Z","        30","Z","         0","Z","       270","Z","        93","Z","","","","","","","   -7.8","Z,0303, ","     0"," ,Z,1231,+","     0","T,Z,0302, "," 115.6"," ,Z,0625, ","   38.3","Z,0713, ","-0.6","Z,1121","","","","","","","","","-5.0","Z,0304","-5.0","Z,0304","-5.0","Z,0304","-7.8","Z,0303","","","     931.7","7","     931.7","Z","   1307.3"," ,Z","        0","T,Z","     19.12","Z","     25.45","Z","     12.79","Z","","","","","","","",""
"USW00093845","1981","30.77629","-83.27393","58.7","VALDOSTA REGIONAL AIRPORT, GA US","","","   1251.7","","    1251.7","Z","       100","Z","        66","Z","        16","Z","        0","","         0","Z","         0","Z","        42","Z","         0","Z","       269","Z","        73","Z","","","","","","","  -11.1","Z,0113, ","     0"," ,Z,1231,+","     0"," ,Z,1231,+","  87.6"," ,Z,0211, ","   38.9","Z,0717, ","-0.6","Z,1114","-2.8","Z,1206","-6.7","Z,1219","-6.7","Z,1219","-9.4","Z,1220","0.0","Z,0317","-3.9","Z,0204","-4.4","Z,0118","-11.1","Z,0113","-11.1","Z,0113","    1133.6","6","    1133.6","Z","   1263.1"," ,Z","        0"," ,Z","     18.74","Z","     25.16","Z","     12.31","Z","","","","","","","",""
"USW00093845","1982","30.77629","-83.27393","58.7","VALDOSTA REGIONAL AIRPORT, GA US","","","   1358.3","","    1358.3","Z","       123","Z","        72","Z","        10","Z","        0","","         0","Z","         0","Z","        16","Z","         1","Z","       293","Z","        60","Z","","","","","","","  -10.0","Z,0111, ","     0"," ,Z,1231,+","     0"," ,Z,1231,+","  64.3"," ,Z,0909, ","   35.0","Z,0828,+","-0.6","Z,1106","-2.2","Z,1218","","","","","","","-1.7","Z,0127","-5.0","Z,0115","-5.0","Z,0115","-7.8","Z,0112","-10.0","Z,0111","     881.3","3","     881.3","Z","   1048.0"," ,Z","        0"," ,Z","     20.04","Z","     25.83","Z","     14.26","Z","","","","","","","",""
"USW00093845","1983","30.77629","-83.27393","58.7","VALDOSTA REGIONAL AIRPORT, GA US","","","   1194.1","","    1194.1","Z","       112","Z","        75","Z","        26","Z","        0","","         0","Z","         0","Z","        27","Z","         1","Z","       252","Z","        56","Z","","","","","","","  -11.7","Z,1225, ","     0"," ,Z,1231,+","     0"," ,Z,1231,+","  77.7"," ,Z,0213, ","   36.1","Z,0822, ","-0.6","Z,1117","-8.9","Z,1224","-8.9","Z,1224","-8.9","Z,1224","-8.9","Z,1224","0.0","Z,0325","-3.3","Z,0118","-5.0","Z,0117","","","","","     960.4","4","     960.4","Z","   1664.8"," ,Z","        0"," ,Z","     18.41","Z","     24.11","Z","     12.72","Z","","","","","","","",""
"USW00093845","1984","30.77629","-83.27393","58.7","VALDOSTA REGIONAL AIRPORT, GA US","","","   1206.4","","    1206.4","Z","        98","Z","        61","Z","        16","Z","        0","","         0","Z","         0","Z","        23","Z","         0","Z","       278","Z","        52","Z","","","","","","","   -5.0","Z,0102, ","     0"," ,Z,1231,+","     0"," ,Z,1231,+"," 193.5"," ,Z,0327, ","   35.6","Z,0620, ","-0.6","Z,1113","-2.2","Z,1114","-4.4","Z,1208","","","","","-0.6","Z,0310","-3.9","Z,0208","-5.0","Z,0102","","","","","    1046.6","6","    1046.6","Z","   1420.5"," ,Z","        0"," ,Z","     19.19","Z","     25.25","Z","     13.14","Z","","","","","","","",""
"USW00093845","1985","30.77629","-83.27393","58.7","VALDOSTA REGIONAL AIRPORT, GA US","","","   1464.4","","    1464.4","Z","       114","Z","        80","Z","        16","Z","        0","","         0","Z","         0","Z","        39","Z","         1","Z","       289","Z","        74","Z","","","","","","","  -16.1","Z,0121, ","     0"," ,Z,1231,+","     0"," ,Z,1231,+"," 116.3"," ,Z,0316, ","   40.0","Z,0606,+","-0.6","Z,1207","-4.4","Z,1215","-4.4","Z,1215","-7.8","Z,1226","","","-1.1","Z,0319","-2.8","Z,0217","-7.8","Z,0127","-7.8","Z,0127","-10.0","Z,0122","     864.1","1","     864.1","Z","   1429.6"," ,Z","        0"," ,Z","     19.79","Z","     25.89","Z","     13.68","Z","","","","","","","",""
"USW00093845","1986","30.77629","-83.27393","58.7","VALDOSTA REGIONAL AIRPORT, GA US","","","   1564.6","","    1564.6","Z","       104","Z","        75","Z","        20","Z","        0","","         0","Z","         0","Z","        14","Z","         0","Z","       287","Z","       119","Z","","","","","","","   -8.3","Z,0128, ","     0"," ,Z,1231,+","     0"," ,Z,1231,+","  82.0"," ,Z,0722, ","   39.4","Z,0720, ","","","","","","","","","","","-1.1","Z,0323","-2.2","Z,0214","-8.3","Z,0128","-8.3","Z,0128","","","     796.0","0","     796.0","Z","   1444.4"," ,Z","        0"," ,Z","     20.49","Z","     26.97","Z","     14.01","Z","","","","","","","",""
"USW00093845","1987","30.77629","-83.27393","58.7","VALDOSTA REGIONAL AIRPORT, GA US","","","   1349.9","","    1349.9","Z","       102","Z","        72","Z","         9","Z","        0","","         0","Z","         0","Z","        20","Z","         0","Z","       272","Z","        98","Z","","","","","","","   -3.3","Z,0127, ","     0"," ,Z,1231,+","     0"," ,Z,1231,+","  70.1"," ,Z,0814, ","   38.3","Z,0810, ","-0.6","Z,1029","-2.8","Z,1122","","","","","","","-0.6","Z,0401","-2.8","Z,0210","","","","","","","     881.2","2","     881.2","Z","   1067.2"," ,Z","        0"," ,Z","     19.40","Z","     25.92","Z","     12.87","Z","","","","","","","",""
"USW00093845","1988","30.77629","-83.27393","58.7","VALDOSTA REGIONAL AIRPORT, GA US","","","   1273.7","","    1273.7","Z","       111","Z","        73","Z","        21","Z","        0","","         0","Z","         0","Z","        36","Z","         0","Z","       278","Z","        89","Z","","","","","","","   -6.7","Z,0128, ","     0"," ,Z,1231,+","     0"," ,Z,1231,+"," 101.1"," ,Z,0219, ","   37.8","Z,0627,+","-0.6","Z,1202","-3.3","Z,1203","-4.4","Z,1213","","","","","0.0","Z,0320","-2.2","Z,0316","-6.1","Z,0207","-6.7","Z,0128","","","     992.0","0","     992.0","Z","   1567.2"," ,Z","        0"," ,Z","     19.13","Z","     25.94","Z","     12.33","Z","","","","","","","",""
"USW00093845","1989","30.77629","-83.27393","58.7","VALDOSTA REGIONAL AIRPORT, GA US","","","   1439.6","","    1439.6","Z","        98","Z","        64","Z","        12","Z","        0","","         0","Z","         0","Z","        24","Z","         1","Z","       295","Z","        99","Z","","","","","","","  -10.0","Z,1224, ","     0"," ,Z,1231,+","     0"," ,Z,1231,+"," 104.6"," ,Z,0609, ","   37.2","Z,0825,+","0.0","Z,1021","-5.0","Z,1204","-5.0","Z,1204","-7.2","Z,1223","-10.0","Z,1224","-0.6","Z,0226","-5.6","Z,0225","-5.6","Z,0225","","","","","     707.6","6","     707.6","Z","   1317.8"," ,Z","        0"," ,Z","     19.91","Z","     26.55","Z","     13.26","Z","","","","","","","",""
"USW00093845","1990","30.77629","-83.27393","58.7","VALDOSTA REGIONAL AIRPORT, GA US","","","   1584.2","","    1584.2","Z","        86","Z","        51","Z","        10","Z","        0","","         0","Z","         0","Z","        12","Z","         0","Z","       316","Z","       129","Z","","","","","","","   -3.9","Z,0114, ","     0"," ,Z,1231,+","     0"," ,Z,1231,+","  86.9"," ,Z,0210, ","   39.4","Z,0707, ","0.0","Z,1119","-2.2","Z,1206","","","","","","","0.0","Z,0321","-3.9","Z,0114","","","","","","","     789.0","0","     789.0","Z","    831.7"," ,Z","        0"," ,Z","     21.08","Z","     28.25","Z","     13.92","Z","","","","","","","",""
"USW00093845","1991","30.77629","-83.27393","58.7","VALDOSTA REGIONAL AIRPORT, GA US","","","   1535.8","","    1535.8","Z","       124","Z","        92","Z","        20","Z","        0","","         0","Z","         0","Z","        18","Z","         0","Z","       286","Z","        84","Z","","","","","","","   -5.0","Z,0216, ","     0"," ,Z,1231,+","     0","T,Z,0420, "," 113.0"," ,Z,0302, ","   36.7","Z,0914, ","-0.6","Z,1112","-2.8","Z,1125","","","","","","","-2.2","Z,0217","-2.2","Z,0217","-5.0","Z,0216","","","","","     656.6","6","     656.6","Z","   1727.1"," ,Z","        0","T,Z","     20.46","Z","     26.38","Z","     14.54","Z","","","","","","","",""
"USW00093845","1992","30.77629","-83.27393","58.7","VALDOSTA REGIONAL AIRPORT, GA US","","","   1324.6","","    1324.6","Z","       107","Z","        72","Z","        14","Z","        0","","         0","Z","         0","Z","        20","Z","         0","Z","       277","Z","        91","Z","","","","","","","   -5.6","Z,0117, ","     0"," ,Z,1231,+","     0"," ,Z,1231,+"," 104.6"," ,Z,0113, ","   37.2","Z,0711, ","0.0","Z,1129","","","","","","","","","-2.2","Z,0209","-2.2","Z,0209","-5.6","Z,0117","","","","","     902.1","1","     902.1","Z","   1296.3"," ,Z","        0"," ,Z","     19.54","Z","     25.78","Z","     13.29","Z","","","","","","","",""
"USW00093845","1993","30.77629","-83.27393","58.7","VALDOSTA REGIONAL AIRPORT, GA US","","","","","","","       110","Z","        76","Z","        12","Z","        0","","         0","Z","","","","","         0","Z","       260","Z","       108","Z","","","","","","","","","     0"," ,Z,1231,+","     0","T,Z,1224,+","  77.5"," ,Z,0108, ","   39.4","Z,0818, ","","","","","","","","","","","","","","","","","","","","","     828.5","5","     828.5"," ","   1196.1"," ,Z","        0","T,Z","","","     26.31","Z","","","","","","","","","",""
"USW00093845","1994","30.77629","-83.27393","58.7","VALDOSTA REGIONAL AIRPORT, GA US","","","   1400.0","","    1400.0","Z","       129","Z","        79","Z","        22","Z","        0","","         0","Z","         0","Z","        12","Z","         0","Z","       290","Z","        77","Z","","","","","","","   -6.1","Z,0122, ","     0"," ,Z,1231,+","     0","T,Z,0202, "," 159.0"," ,Z,1002, ","   37.2","Z,0830, ","","","","","","","","","","","-2.2","Z,0204","-2.2","Z,0204","-4.4","Z,0203","","","","","","","","","   1665.1"," ,Z","        0","T,Z","     20.28","Z","     26.24","Z","     14.31","Z","","","","","","","",""
"USW00093845","1995","30.77629","-83.27393","58.7","VALDOSTA REGIONAL AIRPORT, GA US","","","   1517.1","","    1517.1","Z","       105","Z","        73","Z","        12","Z","        0","","         0","Z","         0","Z","        27","Z","         0","Z","       278","Z","       100","Z","","","","","","","   -6.7","Z,0209, ","     0"," ,Z,1231,+","     0"," ,Z,1231,+","  76.2"," ,Z,0610, ","   38.9","Z,0815, ","0.0","Z,1112","-2.8","Z,1211","-5.6","Z,1225","","","","","-6.7","Z,0209","-6.7","Z,0209","-6.7","Z,0209","-6.7","Z,0209","","","     698.0","0","     698.0","Z","   1096.8"," ,Z","        0"," ,Z","     20.00","Z","     26.29","Z","     13.70","Z","","","","","","","",""
"USW00093845","1996","30.77629","-83.27393","58.7","VALDOSTA REGIONAL AIRPORT, GA US","","","   1369.0","","    1369.0","Z","        97","Z","        72","Z","        14","Z","        0","","         0","Z","         0","Z","        29","Z","         0","Z","       279","Z","       106","Z","","","","","","","   -9.4","Z,0205, ","     0"," ,Z,1231,+","     0"," ,Z,1231,+","  42.7"," ,Z,0724, ","   37.8","Z,0702, ","0.0","Z,1211","-2.8","Z,1219","","","","","","","0.0","Z,0322","-2.2","Z,0310","-4.4","Z,0309","-9.4","Z,0205","-9.4","Z,0205","    1029.1","1","    1029.1","Z","   1065.2"," ,Z","        0"," ,Z","     19.63","Z","     26.34","Z","     12.92","Z","","","","","","","",""
"USW00093845","1997","30.77629","-83.27393","58.7","VALDOSTA REGIONAL AIRPORT, GA US","","","","","","","       116","Z","        82","Z","        17","Z","        0","","         0","Z","","","","","","","","","","","","","","","","","","","     0"," ,Z,1231,+","     0"," ,Z,1231,+","  88.6"," ,Z,1026, ","","","","","","","","","","","","","","","","","","","","","","","     679.4","4","     679.4","Z","   1421.9"," ,Z","        0"," ,Z","","","","","","","","","","","","","",""
"USW00093845","1998","30.77629","-83.27393","58.7","VALDOSTA REGIONAL AIRPORT, GA US","","","","","","","        91","Z","        61","Z","        14","Z","        0","","         0","Z","","","","","","","","","","","","","","","","","","","     0"," ,Z,1231,+","     0"," ,Z,1231,+","  73.9"," ,Z,0930, ","","","","","","","","","","","","","","","","","","","","","","","","","","","   1157.1"," ,Z","        0"," ,Z","","","","","","","","","","","","","",""
"USW00093845","1999","30.77629","-83.27393","58.7","VALDOSTA REGIONAL AIRPORT, GA US","","","","","","","","","","","","","","","","","","","","","","","","","","","","","","","","","","","","","","","","","","","","","","","","","","","","","","","","","","","","","","","     575.8","8","     575.8","Z","","","","","","","","","","","","","","","","","",""
"USW00093845","2000","30.77629","-83.27393","58.7","VALDOSTA REGIONAL AIRPORT, GA US","","","   1406.0","","    1406.0","Z","        89","Z","        60","Z","        13","Z","        0","","         0","Z","         0","Z","        30","Z","         0","Z","       288","Z","       105","Z","","","","","","","   -6.7","Z,1220, ","     0"," ,Z,1231,+","     0"," ,Z,1231,+"," 180.3"," ,Z,0906, ","   39.4","Z,0718, ","-1.1","Z,1121","-3.9","Z,1122","-6.7","Z,1220","-6.7","Z,1220","","","0.0","Z,0221","-2.2","Z,0207","-5.0","Z,0206","","","","","","","","","   1253.9"," ,Z","        0"," ,Z","     19.74","Z","     26.68","Z","     12.80","Z","","","","","","","",""
"USW00093845","2001","30.77629","-83.27393","58.7","VALDOSTA REGIONAL AIRPORT, GA US","","","","","","","       139","W","        62","W","        13","W","","","","","","","","","","","","","","","","","","","","","","","","","",""," 134.4"," ,W,0612, ","","","","","","","","","","","","","","","","","","","","","","","     997.8","8","     997.8","W","   1135.9"," ,W","","","","","","","","","","","","","","","",""
"USW00093845","2002","30.77629","-83.27393","58.7","VALDOSTA REGIONAL AIRPORT, GA US","       2.1","W","","","","","       155","W","        69","W","        11","W","","","","","","","","","","","","","","","","","","","","","","","","","","","  68.1"," ,W,0303, ","","","","","","","","","","","","","","","","","","","","","","","","","","","   1175.8"," ,W","","","","","","","","","       360","W","       280","W","      13.0","W","      17.4","W"
"USW00093845","2003","30.77629","-83.27393","58.7","VALDOSTA REGIONAL AIRPORT, GA US","       1.9","W","   1304.0","","    1304.0","W","       154","W","        77","W","        21","W","","","","","         0","W","        35","W","         0","W","       274","W","        58","W","","","","","","","   -8.3","W,0124, ","","","",""," 108.2"," ,W,1028, ","   35.0","W,0810,+","-0.6","W,1129","-2.8","W,1130","-4.4","W,1221","","","","","0.0","W,0213","-3.9","W,0128","-7.8","W,0125","-7.8","W,0125","","","    1020.7","7","    1020.7","W","   1379.6"," ,W","","","     19.28","W","     25.43","W","     13.13","W","        90","W","       100","W","      14.3","W","      21.5","W"
"USW00093845","2004","30.77629","-83.27393","58.7","VALDOSTA REGIONAL AIRPORT, GA US","       2.1","W","","","","","","","","","","","","","","","","","","","","","","","","","","","","","","","","","","","","","","","","","","","","","","","","","","","","","","","","","","","","","     953.3","3","     953.3","W","","","","","","","","","","","        20","W","        10","W","      17.9","W","      23.2","W"
"USW00093845","2005","30.77629","-83.27393","58.7","VALDOSTA REGIONAL AIRPORT, GA US","       2.2","B","   1408.1","","    1408.1","B","       113","B","        71","B","        23","B","","","","","         0","B","        17","B","         0","B","       276","B","        95","B","","","","","","","   -6.7","B,0124, ","","","","","  77.2"," ,B,0710, ","   37.8","B,0822, ","-0.6","B,1203","-2.8","B,1222","","","","","","","-1.7","W,0302","-2.2","W,0125","-6.7","W,0124","-6.7","W,0124","","","","","","","   1431.7"," ,B","","","     19.60","B","     25.84","B","     13.36","B","       170","B","       180","B","      15.6","B","      19.2","B"
"USW00093845","2006","30.77629","-83.27393","58.7","VALDOSTA REGIONAL AIRPORT, GA US","       2.0","W","   1394.3","","    1394.3","W","        80","W","        50","W","        11","W","","","","","         0","W","        19","W","         0","W","       297","W","       103","W","       272"," ","        42"," ","        45"," ","   -3.8","W,0214, ","","","",""," 109.2"," ,W,0626, ","   36.7","W,0728,+","-0.5","W,1204","-3.2","W,1209","","","","","","","0.0","W,0327","-3.8","W,0214","","","","","","","     842.0","0","     842.0","W","    966.1"," ,W","","","     19.98","W","     26.78","W","     13.18","W","       360","W","       190","W","      13.9","W","      17.4","W"
"USW00093845","2007","30.77629","-83.27393","58.7","VALDOSTA REGIONAL AIRPORT, GA US","       2.0","W","   1441.6","","    1441.6","W","        80","W","        55","W","         8","W","","","","","         0","W","        20","W","         0","W","       290","W","        96","W","       236"," ","        46"," ","        55"," ","   -4.9","W,0217, ","","","",""," 104.1"," ,W,0602, ","   37.2","W,0822, ","0.0","W,1107","","","","","","","","","-1.0","W,0408","-3.2","W,0219","-4.9","W,0217","","","","","     825.0","0","     825.0","W","    793.7"," ,W","","","     20.04","W","     26.72","W","     13.36","W","       360","W","        10","W","      13.9","W","      17.9","W"
"USW00093845","2008","30.77629","-83.27393","58.7","VALDOSTA REGIONAL AIRPORT, GA US","       1.8","W","   1313.3","","    1313.3","W","        84","W","        53","W","        11","W","","","","","         0","W","        32","W","         0","W","       289","W","        88","W","       251"," ","        43"," ","        54"," ","   -4.3","W,0103, ","","","","","  93.2"," ,W,0405, ","   37.2","W,0721, ","-0.5","W,1029","-3.2","W,1119","","","","","","","0.0","W,0325","-3.8","W,0228","","","","","","","     831.3","3","     831.3","W","    925.0"," ,W","","","     19.40","W","     26.08","W","     12.72","W","       190","W","       290","W","      13.4","W","      19.7","W"
"USW00093845","2009","30.77629","-83.27393","58.7","VALDOSTA REGIONAL AIRPORT, GA US","       1.8","W","   1383.3","","    1383.3","W","       100","W","        65","W","         8","W","","","","","         0","W","        29","W","         0","W","       285","W","        82","W","       270"," ","        51"," ","        56"," ","   -8.8","W,0205, ","","","","","  92.7"," ,W,0402, ","   37.2","W,0622, ","-1.0","W,1221","","","","","","","","","-2.7","W,0304","-2.7","W,0304","-6.0","W,0206","-8.8","W,0205","","","     956.4","4","     956.4","W","   1083.3"," ,W","","","     19.49","W","     25.80","W","     13.19","W","        10","W","       150","W","      15.7","W","      20.1","W"
"USW00093845","2010","30.77629","-83.27393","58.7","VALDOSTA REGIONAL AIRPORT, GA US","       1.6","W","   1455.2","","    1455.2","W","        99","W","        58","W","        13","W","","","","","         0","W","        54","W","         0","W","       260","W","       111","W","       255"," ","        38"," ","        53"," ","   -7.7","W,0111, ","","","","","  57.1"," ,W,0929, ","   37.8","W,0730, ","-0.5","W,1108","-3.2","W,1207","-4.9","W,1208","","","","","-1.0","W,0307","-3.2","W,0226","-4.9","W,0113","-7.7","W,0111","","","    1136.8","8","    1136.8","W","    971.8"," ,W","","","     18.87","W","     25.55","W","     12.20","W","       270","W","       210","W","      25.9","W","      34.4","W"
"USW00093845","2011","30.77629","-83.27393","58.7","VALDOSTA REGIONAL AIRPORT, GA US","       1.7","W","   1765.6","","    1765.6","W","       122","W","        49","W","        12","W","","","","","         0","W","        15","W","         0","W","       303","W","       146","W","       259"," ","        40"," ","        43"," ","   -5.5","W,0114, ","","","","","  77.5"," ,W,0428, ","   41.1","W,0615, ","0.0","W,1111","","","","","","","","","-0.5","W,0213","-2.7","W,0124","-5.5","W,0114","","","","","     924.6","6","     924.6","W","    928.0"," ,W","","","     21.26","W","     28.63","W","     13.88","W","        30","W","       270","W","      12.5","W","      20.1","W"
"USW00093845","2012","30.77629","-83.27393","58.7","VALDOSTA REGIONAL AIRPORT, GA US","       1.6","W","   1743.7","","    1743.7","W","       130","W","        68","W","        11","W","        0","","","","         0","W","        16","W","         0","W","       311","W","       122","W","       235"," ","        45"," ","        42"," ","   -5.5","W,0213,+","     0"," ,W,1231,+","","","  90.7"," ,W,0303, ","   38.3","W,0725, ","-1.6","W,1125","","","","","","","","","0.0","W,0214","-5.5","W,0213","-5.5","W,0213","","","","","     528.1","1","     528.1","W","   1086.9"," ,W","","","     21.60","W","     28.32","W","     14.89","W","        30","W","       210","W","      16.5","W","      39.8","W"
"USW00093845","2013","30.77629","-83.27393","58.7","VALDOSTA REGIONAL AIRPORT, GA US","       1.8","W","   1690.3","","    1690.3","W","       124","W","        75","W","        11","W","","","","","         0","W","         7","W","         0","W","       301","W","       118","W","       227"," ","        26"," ","        37"," ","   -3.8","W,0217, ","","","","","  82.8"," ,W,0225, ","   37.8","W,0612, ","-0.5","W,1128","","","","","","","","","-0.5","W,0304","-2.7","W,0218","","","","","","","     668.7","7","     668.7","W","   1166.7"," ,W","","","     21.23","W","     27.63","W","     14.84","W","       170","W","       170","W","      13.0","W","      16.1","W"
"USW00093845","2014","30.77629","-83.27393","58.7","VALDOSTA REGIONAL AIRPORT, GA US","       1.5","W","   1594.9","","    1594.9","W","       127","W","        77","W","        13","W","        0","","","","         0","W","        24","W","         0","W","       281","W","       127","W","       249"," ","        43"," ","        71"," ","   -5.5","W,0107, ","     0"," ,W,1231,+","","","  70.6"," ,W,0415, ","   39.4","W,0703, ","-0.5","W,1103","-2.7","W,1118","","","","","","","0.0","W,0228","-3.8","W,0108","-5.5","W,0107","","","","","     703.0","0","     703.0","W","   1328.2"," ,W","","","     20.32","W","     26.95","W","     13.68","W","       170","W","       220","W","      13.0","W","      18.3","W"
"USW00093845","2015","30.77629","-83.27393","58.7","VALDOSTA REGIONAL AIRPORT, GA US","       1.8","W","   1669.4","","    1669.4","W","       124","W","        77","W","        14","W","        0","","         0","W","         0","W","        16","W","         0","W","       299","W","       102","W","       206"," ","        43"," ","        46"," ","   -4.9","W,0220,+","     0"," ,W,1231,+","     0"," ,W,1231,+","  69.1"," ,W,0719, ","   37.2","W,0713,+","0.0","W,1219","","","","","","","","","-1.0","W,0221","-4.9","W,0220","-4.9","W,0220","","","","","     897.5","5","     897.5","W","   1243.9"," ,W","        0"," ,W","     21.07","W","     26.98","W","     15.17","W","       180","W","       180","W","      14.8","W","      19.2","W"
"USW00093845","2016","30.77629","-83.27393","58.7","VALDOSTA REGIONAL AIRPORT, GA US","       1.7","W","   1571.6","","    1571.6","W","        95","W","        60","W","        17","W","        0","","","","         0","W","        16","W","         0","W","       299","W","       112","W","       214"," ","        25"," ","        79"," ","   -2.7","W,1210,+","     0"," ,W,1231,+","","","  97.0"," ,W,0606, ","   36.7","W,0731,+","-2.1","W,1121","-2.7","W,1210","","","","","","","0.0","W,0227","-2.7","W,0124","","","","","","","     610.6","6","     610.6","W","   1356.1"," ,W","","","     20.60","W","     27.25","W","     13.95","W","       160","W","        80","W","      18.3","W","      25.5","W"
"USW00093845","2017","30.77629","-83.27393","58.7","VALDOSTA REGIONAL AIRPORT, GA US","       1.9","W","   1414.2","","    1414.2","W","       101","W","        66","W","         9","W","        0","","         0","W","         0","W","        13","W","         0","W","       308","W","        85","W","       248"," ","        47"," ","        82"," ","   -5.5","W,0108, ","     0"," ,W,1231,+","     0"," ,W,1231,+","  84.3"," ,W,0122, ","   35.6","W,0818,+","-0.5","W,1120","-3.2","W,1210","","","","","","","-0.5","W,0317","-4.3","W,0316","-5.5","W,0108","","","","","     570.6","6","     570.6","W","   1055.8"," ,W","        0"," ,W","     20.41","W","     27.02","W","     13.81","W","        10","W","        20","W","      20.1","W","      26.8","W"
"USW00093845","2018","30.77629","-83.27393","58.7","VALDOSTA REGIONAL AIRPORT, GA US","       1.8","W","   1478.9","","    1478.9","W","       149","W","        93","W","        20","W","        0","","         0","W","         0","W","        26","W","         0","W","       268","W","       102","W","       255"," ","        31"," ","       103"," ","   -7.1","W,0118, ","     0"," ,W,1231,+","    15"," ,W,0103, "," 121.4"," ,W,1202, ","   35.6","W,0808,+","-1.6","W,1128","","","","","","","","","-2.7","W,0315","-2.7","W,0315","-6.0","W,0119","-7.1","W,0118","","","     894.2","2","     894.2","W","   1673.3"," ,W","       15"," ,W","     19.94","W","     26.15","W","     13.74","W","       180","W","       170","W","      16.1","W","      21.5","W"
"USW00093845","2019","30.77629","-83.27393","58.7","VALDOSTA REGIONAL AIRPORT, GA US","       1.9","W","   1657.4","","    1657.4","W","       117","W","        71","W","        10","W","        0","","","","         0","W","        13","W","         0","W","       295","W","       125","W","       239"," ","        25"," ","        71"," ","   -2.7","W,1219,+","     0"," ,W,1231,+","",""," 105.4"," ,W,0819, ","   38.9","W,0604, ","-1.0","W,1203","-2.7","W,1219","","","","","","","-0.5","W,0307","-2.7","W,0131","","","","","","","     785.0","0","     785.0","W","   1117.3"," ,W","","","     20.84","W","     27.34","W","     14.33","W","       190","W","       180","W","      13.4","W","      19.2","W"
"USW00093845","2020","30.77629","-83.27393","58.7","VALDOSTA REGIONAL AIRPORT, GA US","       1.9","W","   1694.3","","    1694.3","W","       120","W","        77","W","        13","W","","","         0","W","         0","W","        18","W","         0","W","       307","W","        94","W","       226"," ","        41"," ","        65"," ","   -3.8","W,1226, ","","","     0"," ,W,1231,+"," 120.1"," ,W,0423, ","   37.2","W,0905, ","-1.0","W,1201","-3.2","W,1202","","","","","","","-0.5","W,0228","-3.2","W,0122","","","","","","","     659.3","3","     659.3","W","   1331.4"," ,W","        0"," ,W","     21.13","W","     27.37","W","     14.89","W","        10","W","       180","W","      13.4","W","      20.1","W"
"USW00093845","2021","30.77629","-83.27393","58.7","VALDOSTA REGIONAL AIRPORT, GA US","       1.6","W","   1475.0","","    1475.0","W","       123","W","        86","W","        10","W","","","","","         0","W","        11","W","         0","W","       296","W","        84","W","       256"," ","        49"," ","        78"," ","   -1.6","W,0204,+","","","",""," 107.2"," ,W,0102, ","   36.7","W,0615, ","-1.0","W,1124","","","","","","","","","0.0","W,0403","","","","","","","","","     758.5","5","     758.5","W","   1323.1"," ,W","","","     20.39","W","     26.68","W","     14.09","W","       180","W","       110","W","      12.5","W","      18.8","W"
"USW00093845","2022","30.77629","-83.27393","58.7","VALDOSTA REGIONAL AIRPORT, GA US","       1.7","W","   1578.0","","    1578.0","W","       123","W","        75","W","        12","W","","","","","         0","W","        20","W","         0","W","       300","W","       111","W","       229"," ","        49"," ","        93"," ","   -6.6","W,1224, ","","","","","  77.2"," ,W,0629, ","   38.9","W,0623, ","-0.5","W,1118","-2.7","W,1223","-6.6","W,1224","","","","","-2.1","W,0313","-5.5","W,0130","-5.5","W,0130","","","","","     682.9","9","     682.9","W","   1163.7"," ,W","","","     20.65","W","     27.34","W","     13.96","W","        10","W","       170","W","      16.1","W","      21.0","W"
"USW00093845","2023","30.77629","-83.27393","58.7","VALDOSTA REGIONAL AIRPORT, GA US","       1.6","W","   1645.2","","    1645.2","W","       120","W","        77","W","        18","W","","","","","         0","W","         9","W","         0","W","       306","W","        98","W","       238"," ","        48"," ","        89"," ","   -2.7","W,0115, ","","","",""," 178.8"," ,W,0830, ","   38.3","W,0814, ","-0.5","W,1129","","","","","","","","","-0.5","W,0320","-2.7","W,0115","","","","","","","     574.7","7","     574.7","W","   1656.5"," ,W","","","     21.38","W","     27.74","W","     15.02","W","        50","W","        50","W","      17.4","W","      30.0","W"
"USW00093845","2024","30.77629","-83.27393","58.7","VALDOSTA REGIONAL AIRPORT, GA US","","","","","","","        97","W","        61","W","        14","W","","","         0","D","","","","","","","","","","","       205"," ","        39"," ","        72"," ","","","","","     0"," ,D,1231,+"," 165.6"," ,W,1107, ","","","","","","","","","","","","","","","","","","","","","","","     633.6","6","     633.6","W","   1381.2"," ,W","        0"," ,D","","","","","","","","","","","","","",""
"USW00093845","2025","30.77629","-83.27393","58.7","VALDOSTA REGIONAL AIRPORT, GA US","","","","","","","","","","","","","","","","","","","","","","","","","","","        44"," ","        14"," ","         7"," ","","","","","","","","","","","","","","","","","","","","","","","","","","","","","","","","","","","","","","","","","","","","","","","","","","","",""
